1
1
1
1
2
3
11
12
18
22
25
27
27
28
30
37
40
41
43
44
46
48
55
56
56
60
65
65
67
71
73
74
74
80
81
82
84
87
88
91
92
95
96
98
102
105
105
106
107
111
113
115
116
118
120
121
121
122
126
126
130
130
132
133
138
141
142
149
150
150
151
151
153
154
154
155
156
158
160
161
163
164
164
170
171
174
175
179
183
184
187
188
190
191
191
192
194
200
202
206
207
208
209
210
213
213
224
228
228
229
234
235
235
236
238
239
239
240
245
247
249
250
255
256
262
262
263
264
279
281
281
281
281
284
287
288
291
292
295
300
302
303
304
307
308
309
311
312
312
313
314
314
315
320
321
323
323
324
327
331
331
334
334
334
335
336
339
342
347
351
351
352
352
353
354
360
360
362
362
364
365
370
378
379
381
382
386
389
389
390
391
392
393
394
396
396
399
400
402
404
408
409
410
414
414
416
419
421
422
426
426
426
426
427
429
430
432
432
434
435
435
436
445
446
446
451
455
457
457
458
461
462
466
467
467
471
472
475
475
475
477
478
480
484
487
489
490
492
495
495
495
496
496
497
497
509
509
510
518
521
527
531
535
537
537
543
543
545
546
549
550
553
553
555
559
561
562
564
565
565
569
571
571
572
576
578
578
578
580
582
586
586
593
593
593
594
594
594
595
596
596
600
602
603
604
604
605
606
609
609
610
611
611
613
614
624
627
629
633
634
635
636
637
637
637
638
644
647
650
651
651
652
658
659
659
662
663
663
665
665
668
668
669
672
674
678
679
684
685
686
687
687
691
693
694
696
697
697
699
700
702
706
708
709
714
715
717
719
720
723
725
725
728
729
732
733
736
736
737
738
739
740
741
743
745
745
745
745
748
749
750
750
751
755
757
757
758
760
763
766
767
770
773
775
783
784
792
794
795
797
797
798
798
801
803
809
811
816
817
817
823
824
826
828
829
838
839
840
841
841
842
843
849
853
855
856
861
862
863
864
865
870
872
874
877
884
886
887
889
890
891
892
896
901
904
906
908
908
909
910
910
911
912
917
918
920
921
926
932
936
939
939
941
946
948
951
952
955
956
959
961
962
962
962
967
967
970
975
981
983
985
985
986
990
991
994
996
1001
1002
1003
1006
1007
1009
1009
1012
1017
1018
1024
1024
1026
1026
1026
1026
1029
1030
1030
1031
1032
1035
1036
1036
1036
1038
1047
1049
1049
1050
1050
1056
1060
1061
1063
1064
1065
1065
1070
1071
1071
1072
1074
1074
1075
1075
1077
1079
1080
1080
1082
1084
1085
1087
1090
1094
1095
1097
1097
1098
1099
1099
1099
1100
1100
1101
1104
1110
1113
1113
1114
1120
1121
1126
1128
1128
1130
1133
1135
1137
1137
1141
1142
1151
1152
1153
1153
1154
1155
1163
1163
1169
1170
1173
1173
1174
1177
1179
1180
1186
1188
1189
1192
1193
1195
1200
1201
1206
1207
1213
1217
1219
1220
1226
1230
1230
1234
1235
1237
1238
1241
1242
1243
1244
1247
1250
1250
1251
1254
1255
1258
1262
1266
1270
1271
1276
1282
1282
1285
1287
1289
1291
1291
1293
1293
1298
1299
1300
1309
1310
1311
1312
1315
1320
1321
1324
1326
1326
1330
1332
1334
1340
1340
1341
1342
1344
1349
1351
1352
1354
1357
1358
1360
1362
1362
1362
1362
1363
1364
1365
1365
1367
1367
1370
1372
1377
1380
1382
1382
1384
1384
1386
1387
1389
1391
1395
1402
1402
1402
1405
1406
1407
1411
1412
1415
1416
1419
1419
1420
1421
1424
1424
1425
1427
1428
1429
1433
1434
1434
1434
1435
1438
1439
1442
1443
1443
1444
1444
1446
1450
1450
1451
1451
1453
1456
1457
1457
1459
1461
1462
1462
1464
1475
1475
1476
1480
1481
1483
1485
1486
1494
1495
1496
1497
1501
1503
1504
1508
1511
1513
1518
1527
1530
1532
1533
1534
1538
1538
1542
1542
1543
1544
1545
1546
1549
1549
1549
1551
1562
1565
1565
1568
1572
1575
1576
1583
1586
1590
1591
1594
1594
1594
1595
1595
1596
1597
1598
1603
1604
1609
1612
1619
1627
1632
1634
1637
1637
1638
1638
1639
1640
1642
1644
1644
1648
1648
1651
1652
1653
1657
1660
1661
1662
1663
1664
1665
1669
1670
1670
1673
1676
1677
1679
1679
1680
1682
1684
1685
1687
1688
1688
1692
1693
1694
1697
1699
1700
1701
1702
1703
1705
1705
1705
1707
1708
1711
1712
1713
1713
1714
1723
1724
1725
1726
1732
1733
1735
1736
1739
1747
1749
1749
1749
1752
1753
1753
1754
1757
1759
1761
1762
1767
1769
1771
1775
1776
1776
1777
1778
1784
1789
1790
1793
1799
1801
1801
1803
1804
1804
1806
1806
1815
1822
1822
1822
1823
1824
1824
1829
1830
1834
1837
1840
1841
1847
1848
1857
1861
1861
1864
1864
1865
1868
1871
1872
1874
1874
1875
1875
1876
1879
1882
1882
1883
1885
1887
1891
1899
1900
1901
1902
1903
1904
1905
1906
1906
1909
1912
1913
1913
1915
1919
1921
1923
1924
1926
1926
1927
1927
1929
1932
1933
1936
1937
1937
1938
1939
1939
1941
1941
1944
1945
1949
1949
1950
1950
1951
1954
1956
1957
1958
1960
1963
1969
1970
1972
1973
1974
1974
1975
1981
1983
1985
1985
1986
1987
1988
1991
1992
1993
1993
1993
1994
1996
1997
1999
2000
2004
2007
2007
2010
2010
2015
2015
2017
2018
2019
2020
2022
2023
2028
2028
2035
2038
2040
2040
2040
2040
2041
2044
2045
2049
2055
2060
2068
2070
2072
2074
2075
2076
2079
2080
2081
2082
2087
2087
2087
2094
2094
2094
2098
2099
2099
2099
2100
2101
2105
2105
2106
2108
2111
2113
2114
2117
2125
2125
2129
2129
2131
2132
2136
2136
2138
2140
2141
2143
2147
2148
2148
2149
2151
2153
2154
2159
2160
2162
2163
2164
2165
2166
2166
2171
2171
2172
2174
2175
2176
2177
2186
2189
2194
2194
2194
2195
2197
2197
2200
2204
2206
2207
2209
2209
2210
2211
2212
2212
2214
2220
2222
2222
2225
2229
2229
2231
2232
2237
2238
2238
2238
2240
2241
2243
2245
2246
2247
2249
2249
2251
2253
2255
2257
2258
2259
2260
2261
2262
2263
2265
2268
2270
2271
2276
2289
2289
2298
2299
2305
2308
2312
2312
2312
2313
2315
2317
2318
2320
2327
2329
2332
2334
2334
2334
2335
2335
2335
2336
2340
2341
2342
2342
2343
2344
2354
2361
2364
2365
2366
2369
2375
2377
2378
2380
2380
2380
2384
2388
2396
2397
2404
2407
2411
2411
2413
2413
2414
2414
2415
2415
2417
2419
2419
2419
2423
2425
2426
2429
2430
2436
2436
2436
2439
2444
2449
2449
2450
2455
2456
2458
2458
2460
2460
2461
2462
2462
2465
2468
2469
2470
2473
2479
2480
2485
2485
2486
2491
2491
2491
2493
2493
2494
2494
2500
2500
2502
2503
2504
2507
2507
2508
2509
2510
2512
2513
2515
2523
2523
2523
2530
2531
2531
2532
2533
2533
2534
2539
2540
2541
2545
2545
2547
2549
2550
2552
2556
2558
2558
2558
2564
2568
2572
2575
2575
2577
2578
2580
2583
2583
2584
2588
2591
2595
2596
2598
2600
2601
2603
2603
2608
2608
2613
2613
2613
2614
2615
2621
2624
2625
2626
2627
2629
2631
2631
2637
2639
2642
2648
2648
2650
2653
2657
2657
2660
2661
2662
2662
2663
2664
2666
2671
2672
2673
2674
2678
2679
2680
2682
2683
2683
2686
2692
2692
2696
2699
2702
2703
2705
2706
2706
2710
2712
2714
2717
2719
2720
2723
2725
2728
2729
2731
2732
2734
2735
2735
2736
2736
2738
2739
2740
2744
2747
2748
2748
2749
2751
2753
2754
2760
2765
2765
2766
2768
2768
2769
2772
2774
2776
2779
2781
2782
2783
2783
2786
2787
2790
2792
2796
2797
2802
2804
2804
2806
2807
2807
2809
2813
2813
2817
2818
2819
2819
2821
2822
2825
2827
2831
2834
2836
2838
2838
2843
2843
2844
2844
2846
2849
2850
2850
2851
2851
2852
2854
2854
2856
2856
2857
2860
2866
2867
2873
2874
2876
2876
2877
2877
2880
2881
2881
2882
2883
2884
2885
2888
2890
2892
2893
2893
2894
2895
2897
2900
2905
2906
2907
2909
2910
2910
2911
2912
2913
2916
2919
2927
2929
2930
2931
2931
2933
2939
2946
2950
2957
2958
2961
2966
2966
2974
2979
2980
2981
2984
2986
2992
2994
2997
3003
3003
3004
3006
3007
3012
3019
3021
3028
3029
3033
3033
3036
3036
3040
3040
3044
3045
3045
3046
3047
3048
3049
3052
3055
3055
3055
3056
3057
3066
3068
3070
3072
3073
3076
3077
3079
3079
3080
3088
3090
3095
3099
3102
3102
3103
3103
3110
3110
3115
3119
3121
3125
3126
3134
3138
3139
3143
3144
3153
3154
3156
3156
3157
3162
3164
3164
3168
3168
3169
3170
3170
3180
3181
3184
3189
3190
3193
3196
3197
3198
3198
3200
3201
3207
3207
3208
3209
3212
3212
3213
3214
3215
3216
3217
3219
3220
3222
3223
3223
3225
3225
3226
3226
3227
3228
3239
3240
3241
3242
3243
3243
3244
3246
3249
3250
3254
3254
3258
3260
3260
3264
3264
3265
3269
3269
3272
3272
3273
3276
3279
3284
3287
3297
3298
3298
3300
3302
3305
3305
3308
3313
3316
3320
3322
3323
3326
3327
3328
3329
3329
3333
3336
3341
3342
3343
3344
3346
3347
3349
3350
3353
3357
3363
3367
3367
3371
3373
3375
3376
3381
3383
3385
3386
3386
3388
3390
3391
3393
3394
3394
3400
3402
3406
3407
3410
3413
3415
3416
3416
3418
3418
3418
3420
3425
3426
3426
3429
3431
3438
3439
3444
3445
3446
3452
3455
3455
3455
3457
3460
3463
3464
3466
3467
3467
3470
3473
3474
3477
3478
3478
3482
3483
3484
3484
3485
3485
3487
3488
3489
3489
3490
3494
3494
3497
3498
3498
3499
3500
3501
3504
3505
3508
3508
3508
3509
3510
3512
3513
3517
3521
3528
3529
3533
3536
3540
3541
3544
3547
3547
3547
3553
3553
3555
3558
3558
3558
3558
3573
3575
3576
3577
3586
3587
3588
3588
3589
3589
3591
3597
3597
3599
3600
3603
3603
3604
3605
3605
3616
3617
3617
3625
3627
3629
3633
3635
3636
3636
3638
3638
3639
3641
3642
3644
3644
3648
3648
3649
3652
3655
3657
3669
3670
3673
3680
3684
3685
3688
3690
3691
3696
3699
3700
3705
3706
3706
3707
3707
3708
3711
3711
3714
3716
3717
3718
3725
3726
3727
3729
3731
3731
3743
3743
3744
3745
3746
3749
3749
3750
3753
3755
3760
3761
3770
3772
3773
3773
3776
3777
3778
3778
3782
3789
3789
3790
3792
3797
3797
3798
3799
3801
3805
3809
3810
3810
3811
3811
3813
3816
3817
3819
3821
3823
3824
3824
3825
3830
3831
3832
3833
3840
3844
3845
3845
3846
3847
3848
3848
3849
3855
3860
3860
3861
3862
3865
3866
3867
3868
3871
3878
3879
3885
3888
3888
3888
3889
3889
3890
3894
3894
3898
3899
3901
3903
3903
3903
3906
3907
3909
3910
3912
3912
3912
3912
3914
3915
3915
3917
3917
3918
3921
3921
3928
3931
3931
3933
3936
3939
3942
3942
3942
3944
3944
3945
3954
3955
3958
3959
3966
3972
3973
3973
3975
3975
3976
3977
3977
3978
3979
3979
3980
3982
3985
3985
3985
3988
3988
3990
3991
3992
3992
3995
3995
4001
4002
4005
4010
4011
4011
4013
4014
4016
4017
4018
4020
4024
4024
4030
4031
4031
4039
4040
4040
4045
4047
4048
4050
4055
4057
4060
4062
4065
4066
4068
4074
4076
4077
4078
4082
4082
4083
4084
4086
4086
4088
4090
4093
4098
4098
4099
4100
4100
4102
4104
4104
4105
4106
4108
4108
4108
4110
4110
4113
4115
4117
4125
4125
4127
4131
4131
4131
4133
4141
4145
4145
4145
4147
4149
4153
4154
4155
4155
4155
4156
4156
4158
4159
4163
4163
4163
4166
4169
4174
4174
4175
4179
4181
4185
4185
4190
4190
4192
4192
4193
4196
4196
4196
4199
4200
4204
4205
4206
4207
4211
4213
4214
4215
4216
4218
4219
4220
4225
4226
4227
4227
4228
4229
4232
4232
4233
4234
4238
4239
4240
4241
4246
4246
4248
4250
4251
4252
4253
4258
4261
4261
4262
4263
4264
4264
4264
4271
4272
4273
4277
4278
4279
4281
4282
4282
4282
4285
4285
4288
4295
4298
4299
4301
4302
4305
4313
4314
4315
4316
4320
4320
4321
4322
4322
4323
4323
4325
4328
4329
4331
4333
4337
4343
4344
4345
4348
4352
4359
4359
4361
4362
4363
4365
4367
4368
4370
4371
4371
4372
4375
4376
4378
4379
4384
4385
4387
4388
4388
4392
4393
4393
4395
4395
4399
4399
4400
4403
4407
4411
4417
4417
4417
4421
4423
4426
4426
4427
4428
4431
4431
4440
4444
4447
4455
4456
4457
4458
4459
4469
4473
4480
4482
4483
4484
4487
4488
4492
4497
4498
4501
4504
4506
4506
4506
4507
4508
4510
4512
4512
4513
4513
4514
4515
4516
4517
4518
4519
4522
4523
4525
4530
4533
4535
4536
4541
4545
4545
4545
4549
4551
4555
4556
4557
4557
4558
4558
4560
4560
4561
4561
4562
4562
4562
4563
4565
4566
4568
4571
4571
4571
4574
4575
4576
4577
4577
4577
4580
4583
4584
4585
4586
4586
4589
4591
4593
4594
4594
4599
4601
4602
4604
4609
4610
4611
4612
4614
4614
4614
4616
4616
4617
4617
4620
4620
4624
4629
4633
4636
4638
4639
4639
4639
4640
4641
4645
4646
4646
4654
4665
4667
4668
4668
4670
4670
4671
4674
4678
4679
4679
4690
4691
4691
4692
4693
4694
4694
4700
4702
4706
4707
4709
4711
4712
4713
4716
4718
4720
4720
4720
4722
4728
4729
4730
4731
4731
4734
4735
4736
4738
4738
4739
4739
4742
4742
4744
4745
4746
4751
4751
4753
4764
4766
4771
4772
4778
4780
4781
4783
4783
4789
4792
4801
4803
4803
4804
4806
4806
4807
4809
4814
4817
4819
4820
4822
4823
4825
4828
4829
4833
4833
4833
4839
4839
4840
4843
4843
4844
4846
4847
4847
4848
4850
4850
4851
4853
4854
4857
4857
4859
4860
4860
4861
4861
4862
4866
4869
4871
4872
4875
4876
4887
4887
4888
4890
4894
4900
4900
4902
4903
4906
4907
4909
4914
4917
4917
4919
4921
4923
4924
4925
4929
4930
4930
4932
4936
4937
4937
4940
4942
4943
4948
4949
4949
4953
4955
4955
4957
4960
4961
4964
4965
4971
4973
4973
4974
4975
4975
4979
4980
4985
4986
4990
4990
4993
4996
5000
5004
5007
5010
5015
5015
5018
5018
5019
5019
5025
5025
5026
5032
5032
5033
5034
5038
5039
5040
5040
5041
5042
5048
5051
5054
5054
5056
5057
5057
5058
5058
5058
5058
5059
5061
5062
5067
5068
5069
5070
5071
5072
5074
5074
5075
5076
5078
5079
5080
5082
5085
5088
5088
5088
5089
5089
5094
5094
5095
5097
5097
5098
5099
5103
5105
5107
5107
5108
5111
5114
5118
5118
5125
5128
5130
5131
5133
5137
5137
5140
5142
5144
5145
5146
5148
5150
5152
5154
5157
5159
5160
5161
5161
5163
5163
5164
5166
5169
5173
5174
5174
5176
5176
5178
5181
5186
5187
5187
5187
5189
5191
5192
5193
5196
5196
5202
5204
5206
5208
5208
5210
5211
5220
5222
5225
5225
5229
5231
5232
5232
5233
5235
5237
5239
5239
5240
5241
5243
5246
5252
5253
5256
5259
5261
5263
5263
5265
5265
5268
5269
5271
5272
5273
5273
5273
5279
5282
5287
5290
5291
5293
5296
5297
5298
5298
5299
5300
5307
5307
5308
5308
5311
5312
5312
5314
5317
5319
5322
5324
5325
5326
5327
5329
5329
5331
5333
5334
5338
5340
5341
5343
5343
5344
5346
5351
5352
5353
5354
5356
5357
5361
5361
5362
5364
5364
5369
5373
5375
5377
5379
5384
5387
5393
5393
5395
5410
5411
5412
5414
5417
5420
5420
5421
5422
5428
5431
5433
5435
5435
5435
5439
5440
5441
5442
5447
5449
5450
5450
5451
5455
5457
5462
5465
5465
5467
5467
5469
5471
5471
5472
5475
5477
5482
5482
5484
5486
5487
5487
5487
5487
5492
5492
5493
5493
5497
5499
5499
5500
5500
5501
5502
5502
5504
5508
5511
5512
5515
5516
5520
5524
5524
5526
5526
5526
5527
5527
5531
5532
5534
5536
5541
5544
5550
5550
5551
5552
5554
5564
5564
5565
5570
5571
5574
5574
5576
5578
5583
5584
5586
5587
5589
5590
5593
5595
5596
5597
5597
5607
5607
5608
5608
5610
5613
5617
5617
5619
5621
5631
5631
5631
5631
5632
5632
5634
5635
5638
5639
5640
5644
5644
5646
5647
5649
5653
5655
5658
5659
5659
5659
5662
5664
5664
5665
5668
5671
5672
5672
5673
5674
5675
5675
5676
5680
5681
5682
5687
5690
5692
5692
5693
5694
5696
5698
5701
5703
5705
5707
5709
5709
5709
5710
5712
5715
5720
5723
5726
5731
5733
5734
5736
5737
5738
5741
5742
5742
5742
5743
5748
5750
5754
5755
5756
5758
5758
5758
5759
5760
5760
5762
5763
5764
5764
5766
5767
5768
5772
5775
5780
5781
5783
5786
5786
5788
5789
5790
5792
5792
5794
5795
5797
5799
5800
5801
5802
5806
5806
5807
5812
5813
5815
5816
5819
5820
5821
5826
5829
5833
5833
5835
5836
5837
5849
5852
5852
5854
5855
5857
5857
5858
5860
5860
5861
5862
5863
5863
5864
5871
5872
5874
5878
5882
5883
5885
5888
5888
5893
5893
5894
5894
5895
5896
5897
5899
5901
5902
5904
5904
5904
5909
5911
5913
5924
5928
5933
5938
5939
5940
5941
5942
5945
5946
5949
5949
5950
5953
5954
5959
5966
5971
5978
5988
5990
5990
5992
5994
5995
6004
6006
6008
6012
6014
6015
6018
6019
6019
6023
6026
6027
6028
6031
6034
6036
6037
6043
6048
6053
6059
6060
6062
6065
6066
6066
6067
6071
6072
6073
6073
6075
6075
6076
6083
6087
6088
6090
6090
6092
6094
6095
6096
6097
6098
6111
6112
6113
6114
6115
6118
6123
6123
6125
6128
6130
6131
6135
6144
6145
6146
6151
6154
6162
6165
6167
6169
6170
6172
6174
6176
6177
6177
6177
6181
6182
6182
6187
6189
6195
6198
6202
6203
6204
6206
6206
6206
6212
6213
6221
6221
6221
6223
6225
6225
6225
6226
6227
6227
6229
6232
6236
6236
6239
6244
6246
6248
6251
6253
6254
6254
6255
6255
6263
6264
6277
6278
6278
6279
6281
6285
6287
6288
6289
6290
6291
6292
6293
6296
6297
6298
6298
6300
6301
6303
6305
6305
6305
6311
6313
6314
6317
6321
6324
6324
6327
6327
6329
6331
6333
6335
6337
6339
6340
6341
6344
6344
6345
6356
6359
6360
6366
6366
6367
6369
6369
6370
6370
6371
6373
6378
6382
6383
6383
6384
6385
6387
6390
6392
6392
6393
6395
6396
6396
6399
6399
6400
6401
6404
6406
6411
6412
6413
6414
6418
6418
6419
6419
6420
6421
6422
6425
6427
6427
6427
6427
6428
6430
6430
6438
6439
6439
6441
6441
6443
6446
6446
6453
6456
6457
6458
6459
6463
6463
6465
6467
6467
6467
6468
6469
6471
6472
6474
6476
6477
6478
6479
6481
6481
6482
6483
6483
6483
6484
6486
6487
6493
6493
6494
6495
6496
6502
6511
6515
6519
6523
6523
6527
6527
6528
6529
6530
6532
6533
6536
6537
6543
6547
6549
6550
6550
6552
6556
6556
6557
6558
6560
6561
6561
6563
6564
6564
6564
6564
6568
6568
6570
6573
6577
6577
6580
6581
6581
6581
6585
6585
6585
6586
6587
6587
6587
6588
6589
6591
6592
6593
6596
6597
6598
6598
6600
6605
6605
6606
6607
6609
6611
6614
6614
6615
6615
6616
6623
6624
6628
6630
6636
6636
6637
6638
6641
6641
6645
6646
6650
6652
6654
6659
6660
6661
6662
6662
6664
6667
6669
6670
6675
6676
6677
6682
6683
6683
6688
6689
6691
6694
6695
6695
6696
6701
6704
6705
6714
6717
6722
6724
6725
6726
6727
6728
6729
6731
6732
6738
6739
6741
6742
6742
6743
6744
6747
6749
6751
6754
6754
6754
6756
6757
6758
6762
6766
6766
6770
6771
6772
6776
6777
6778
6778
6780
6780
6782
6782
6784
6786
6786
6788
6788
6788
6789
6790
6793
6794
6794
6796
6796
6796
6799
6800
6800
6801
6805
6807
6807
6808
6808
6810
6811
6811
6815
6818
6820
6821
6822
6822
6826
6828
6830
6835
6844
6847
6847
6848
6849
6850
6850
6852
6854
6858
6859
6860
6871
6872
6874
6875
6877
6880
6882
6885
6887
6890
6891
6895
6896
6899
6899
6900
6901
6905
6906
6906
6906
6908
6911
6916
6918
6918
6924
6925
6925
6927
6927
6930
6931
6932
6933
6939
6942
6943
6944
6945
6950
6955
6955
6963
6967
6974
6976
6977
6977
6978
6979
6980
6980
6983
6987
6988
6991
6995
6995
6996
6997
6999
7002
7002
7004
7006
7009
7011
7018
7022
7022
7023
7024
7028
7029
7036
7037
7038
7038
7039
7042
7043
7044
7046
7048
7048
7050
7051
7051
7051
7053
7053
7056
7063
7065
7067
7070
7073
7074
7078
7080
7082
7085
7085
7086
7086
7087
7088
7090
7095
7095
7098
7107
7110
7110
7112
7114
7115
7116
7117
7118
7124
7130
7131
7133
7134
7135
7136
7152
7153
7153
7154
7156
7157
7161
7161
7161
7162
7163
7164
7164
7168
7169
7172
7172
7173
7178
7179
7183
7183
7184
7187
7188
7194
7198
7199
7199
7199
7200
7210
7212
7215
7216
7217
7221
7223
7224
7224
7228
7230
7231
7232
7237
7238
7240
7243
7245
7245
7246
7246
7247
7248
7250
7253
7256
7257
7259
7261
7262
7263
7263
7266
7267
7267
7267
7269
7270
7271
7273
7274
7276
7278
7280
7289
7290
7293
7293
7293
7294
7298
7299
7306
7307
7310
7311
7313
7315
7317
7318
7323
7323
7325
7326
7330
7330
7332
7333
7339
7344
7349
7350
7350
7352
7352
7352
7352
7357
7362
7362
7363
7364
7366
7370
7372
7376
7379
7380
7383
7386
7387
7392
7392
7396
7398
7400
7402
7403
7405
7406
7407
7408
7410
7410
7411
7415
7416
7417
7417
7423
7423
7425
7428
7429
7430
7430
7435
7439
7441
7442
7442
7443
7443
7445
7450
7450
7453
7453
7457
7457
7461
7464
7465
7468
7468
7472
7472
7474
7475
7479
7480
7483
7483
7486
7488
7489
7490
7492
7493
7494
7496
7498
7502
7503
7505
7507
7508
7512
7512
7515
7518
7518
7522
7523
7524
7526
7529
7529
7530
7530
7532
7536
7536
7536
7537
7537
7539
7540
7540
7541
7541
7542
7543
7544
7550
7551
7552
7553
7553
7554
7555
7556
7557
7557
7558
7558
7559
7561
7562
7563
7565
7567
7567
7572
7574
7575
7575
7577
7578
7581
7587
7591
7592
7592
7596
7597
7599
7600
7601
7603
7603
7605
7605
7605
7610
7612
7613
7613
7613
7617
7621
7623
7624
7626
7627
7629
7630
7631
7634
7634
7638
7644
7645
7646
7647
7649
7649
7658
7659
7660
7661
7662
7664
7664
7664
7666
7667
7668
7670
7671
7672
7676
7682
7688
7688
7694
7700
7702
7708
7708
7709
7713
7718
7720
7722
7723
7726
7726
7728
7731
7731
7732
7738
7738
7739
7740
7744
7745
7745
7746
7751
7754
7757
7761
7762
7765
7769
7770
7773
7780
7785
7786
7788
7790
7792
7793
7794
7796
7796
7800
7800
7801
7802
7802
7804
7807
7810
7810
7810
7812
7813
7813
7814
7819
7820
7822
7823
7825
7826
7827
7828
7828
7829
7830
7831
7832
7833
7835
7835
7837
7839
7841
7843
7845
7847
7848
7854
7856
7858
7860
7862
7865
7865
7867
7867
7870
7872
7874
7880
7884
7885
7885
7886
7886
7886
7886
7887
7890
7890
7897
7901
7903
7906
7908
7910
7910
7912
7915
7915
7917
7921
7922
7924
7924
7928
7928
7929
7934
7937
7943
7946
7946
7947
7948
7949
7951
7952
7952
7955
7958
7960
7963
7964
7969
7970
7972
7981
7983
7993
7994
7996
7999
8000
8015
8015
8018
8019
8019
8021
8024
8025
8029
8029
8030
8033
8035
8036
8036
8038
8047
8048
8048
8049
8050
8050
8052
8054
8056
8059
8061
8064
8064
8065
8065
8066
8067
8068
8069
8071
8073
8078
8079
8081
8081
8084
8084
8093
8094
8099
8101
8103
8103
8103
8104
8105
8106
8108
8108
8110
8111
8114
8114
8117
8117
8120
8120
8122
8122
8127
8129
8129
8132
8133
8135
8138
8139
8140
8141
8141
8145
8146
8151
8153
8157
8157
8162
8163
8164
8166
8166
8166
8167
8169
8170
8170
8175
8179
8180
8181
8182
8183
8188
8190
8191
8191
8193
8194
8194
8197
8198
8200
8201
8202
8202
8202
8204
8208
8212
8216
8218
8219
8220
8223
8227
8229
8230
8232
8232
8236
8236
8237
8239
8241
8242
8245
8247
8248
8252
8255
8255
8257
8259
8262
8275
8277
8279
8281
8285
8287
8289
8289
8289
8290
8295
8296
8297
8298
8302
8302
8303
8303
8303
8304
8307
8313
8313
8315
8316
8323
8325
8327
8327
8329
8330
8333
8333
8334
8335
8336
8337
8339
8339
8339
8341
8341
8343
8346
8352
8354
8355
8355
8356
8356
8357
8362
8362
8363
8364
8368
8372
8376
8379
8380
8383
8384
8386
8387
8390
8392
8393
8395
8401
8408
8409
8410
8411
8416
8421
8426
8429
8430
8431
8432
8434
8445
8446
8447
8447
8449
8450
8451
8453
8455
8456
8462
8464
8465
8467
8470
8470
8470
8470
8473
8475
8475
8476
8477
8484
8487
8487
8488
8489
8489
8493
8493
8494
8495
8505
8505
8506
8507
8507
8510
8511
8513
8513
8514
8516
8517
8519
8526
8529
8531
8533
8533
8535
8537
8539
8543
8543
8546
8547
8548
8549
8551
8554
8555
8555
8559
8563
8563
8563
8564
8566
8569
8572
8574
8575
8575
8580
8580
8581
8586
8589
8591
8594
8595
8595
8596
8599
8601
8601
8602
8603
8604
8606
8606
8609
8610
8610
8613
8615
8621
8623
8624
8625
8626
8639
8639
8642
8644
8644
8649
8652
8652
8660
8661
8664
8666
8668
8671
8672
8673
8677
8678
8681
8689
8689
8693
8698
8703
8705
8709
8711
8716
8716
8718
8724
8724
8727
8730
8737
8738
8742
8744
8747
8747
8747
8752
8754
8754
8755
8756
8756
8759
8764
8765
8770
8771
8772
8774
8777
8780
8781
8783
8783
8784
8785
8786
8790
8790
8790
8796
8798
8799
8799
8805
8807
8808
8809
8809
8818
8819
8821
8822
8826
8826
8827
8827
8830
8832
8834
8834
8837
8842
8843
8845
8847
8851
8857
8859
8859
8861
8861
8863
8864
8866
8869
8870
8872
8874
8875
8876
8881
8884
8884
8885
8886
8886
8888
8890
8894
8896
8900
8900
8903
8903
8905
8906
8913
8914
8914
8914
8914
8916
8918
8919
8921
8923
8923
8925
8928
8929
8932
8933
8933
8934
8943
8944
8948
8949
8949
8951
8952
8955
8958
8959
8959
8960
8966
8969
8969
8970
8971
8971
8972
8974
8977
8981
8982
8983
8984
8984
8986
8987
8990
8992
8994
8998
8998
9004
9007
9008
9009
9015
9018
9018
9019
9020
9020
9021
9023
9023
9024
9025
9030
9032
9038
9038
9040
9041
9043
9045
9049
9050
9053
9056
9059
9059
9068
9069
9069
9071
9076
9078
9081
9082
9085
9086
9088
9088
9089
9093
9095
9096
9096
9101
9102
9102
9103
9104
9104
9107
9110
9114
9117
9119
9121
9122
9125
9126
9127
9129
9130
9130
9134
9136
9136
9145
9148
9149
9153
9153
9156
9156
9156
9161
9164
9168
9172
9172
9173
9177
9177
9179
9180
9181
9181
9181
9182
9183
9184
9185
9186
9187
9188
9188
9190
9191
9191
9192
9193
9194
9194
9195
9197
9203
9204
9219
9220
9228
9238
9241
9243
9247
9248
9253
9255
9258
9258
9259
9260
9266
9269
9273
9274
9275
9279
9284
9284
9286
9286
9288
9295
9298
9306
9309
9310
9312
9312
9313
9314
9317
9318
9323
9325
9325
9326
9327
9327
9328
9329
9330
9331
9334
9334
9334
9335
9337
9339
9341
9345
9347
9349
9352
9352
9352
9353
9357
9359
9360
9365
9367
9367
9368
9369
9373
9373
9374
9375
9377
9378
9383
9383
9384
9387
9388
9390
9391
9395
9395
9401
9401
9401
9402
9406
9406
9413
9413
9415
9416
9416
9420
9423
9424
9432
9434
9439
9441
9451
9452
9454
9454
9455
9457
9459
9461
9464
9469
9474
9478
9478
9479
9482
9484
9488
9491
9492
9492
9493
9498
9499
9502
9503
9504
9505
9507
9511
9515
9516
9517
9517
9518
9518
9524
9525
9526
9526
9527
9527
9535
9538
9540
9546
9553
9561
9561
9564
9568
9569
9569
9570
9572
9577
9578
9582
9587
9588
9591
9598
9601
9601
9602
9602
9604
9606
9612
9612
9613
9617
9620
9620
9622
9622
9622
9622
9628
9632
9633
9639
9642
9647
9647
9649
9649
9650
9654
9659
9659
9659
9659
9659
9660
9662
9664
9667
9669
9674
9681
9682
9684
9686
9688
9689
9691
9691
9691
9694
9695
9696
9697
9701
9701
9703
9706
9706
9706
9709
9712
9715
9718
9718
9720
9720
9721
9722
9727
9727
9731
9732
9743
9747
9754
9756
9766
9767
9773
9773
9780
9782
9782
9783
9785
9787
9788
9795
9797
9800
9802
9803
9803
9803
9807
9808
9810
9810
9813
9823
9824
9828
9829
9829
9829
9835
9836
9836
9840
9843
9844
9845
9848
9850
9850
9853
9853
9861
9861
9861
9863
9864
9866
9868
9868
9869
9874
9875
9877
9877
9879
9882
9883
9884
9889
9889
9892
9896
9897
9897
9897
9901
9901
9905
9908
9911
9911
9913
9916
9916
9917
9922
9924
9924
9925
9926
9929
9930
9934
9935
9936
9940
9945
9945
9945
9954
9956
9956
9957
9957
9961
9962
9962
9966
9968
9978
9982
9983
9984
9984
9988
9988
9988
9990
9991
9994
9996
9996
9997
9998
9998
9998
9999
9999
10000
