55267
26394
85492
37471
48637
21909
9856
29318
25974
28219
38031
19130
8191
79655
29744
74400
39643
17873
5991
40038
48269
32223
52544
44810
45552
31101
95357
36251
68388
82816
26185
10727
24403
59126
42730
89057
39872
12350
81833
24897
25118
17860
66466
23042
66093
17731
57739
87864
22844
8481
1619
18285
65663
26077
86774
15028
7904
94761
84689
68299
856
22757
26148
49642
40490
47544
79197
40382
98505
56147
32847
90914
30843
31755
58106
19998
35656
6995
13285
31336
29700
36333
84096
45843
87244
35275
707
22394
38758
72491
53709
67230
58048
42433
38842
12791
75935
90670
96395
80438
46194
11914
75326
28326
55188
91599
44445
25656
10476
15849
93418
87571
65650
31843
14863
51178
38755
804
35516
72485
59859
49228
69159
76473
39706
90485
96991
98110
85837
58536
42097
10787
5175
68272
93857
50481
22791
92861
55421
8898
15412
27490
32788
86895
5201
91016
57544
70691
84453
2303
37003
17690
45052
56385
55252
16165
67899
17117
6534
13650
86987
37597
28416
92533
80384
17384
16384
8206
56143
6438
43732
95045
94965
69701
81104
88548
83433
33360
8504
8186
21738
44097
39297
94804
18036
86010
30500
98871
87905
16386
36560
71427
61877
1142
74867
18298
66590
53494
10393
39917
85840
5319
34152
94086
26655
69634
5576
87034
12498
84793
52425
19343
781
66230
73543
87633
75118
29948
69522
70307
94082
93484
34257
6270
87700
4698
76435
9192
80524
96460
4109
46706
85837
16245
97852
53897
59403
33593
18351
43467
23133
85558
42863
21195
69153
80506
1592
14584
32966
43998
89863
75064
80756
57025
64846
19667
90358
6448
96642
36786
18006
40287
32683
92446
33705
96366
51707
38464
76906
51822
28962
41922
31153
23129
7823
26595
41455
31517
74694
41266
1365
37078
63813
47330
18093
36329
76528
48613
23459
12636
85615
70083
36073
26665
9386
28883
95880
34904
82623
31108
86020
28290
21761
70779
28963
90122
80319
3691
93945
82684
17188
18090
80967
85381
55220
26613
52982
23709
90421
59461
72329
47978
23148
47497
60112
43503
21801
45740
37921
79814
96845
62703
30136
35474
58368
29071
2060
67208
53942
60401
84168
27289
35197
42863
86050
71536
81307
98462
34912
41753
15504
66764
83011
51075
86772
73817
15985
48466
53011
45807
59761
89440
94279
64905
27561
94146
5108
57835
70534
31017
63431
53882
95587
24511
50315
48385
92269
48770
99490
60193
66851
35612
88559
77127
16269
94819
44821
42185
87160
17506
27793
45045
55965
9181
67805
48369
34895
78156
85454
96457
55574
87057
90231
25004
7207
60461
58299
15051
9409
30065
19194
11607
81126
90284
39111
58053
26595
31806
74498
81067
96839
18401
83810
97681
978
73144
27595
5975
35411
44222
57468
64017
70975
27615
93067
57823
88209
34217
12764
8445
79140
2323
38667
70717
40302
72901
79369
31790
66209
64745
4939
26229
15087
9289
67799
46307
59384
30812
50430
41049
52433
86710
16242
65644
39635
14673
63506
64055
17575
68862
33871
41939
97773
65519
6800
14468
63057
10
19168
94181
14066
41868
85284
17704
90962
62203
56768
96975
21157
98698
54013
20585
87717
17420
21340
23857
35064
87818
6526
92545
28719
47513
42019
64292
64010
96869
9940
44461
75066
29861
5911
58510
29857
77342
77740
21767
9641
11607
4182
19298
61917
37007
96291
53471
84826
70374
49239
34915
47889
97149
46080
63742
79116
74361
16537
72244
51701
39985
83710
77675
84880
79694
89511
24347
33018
96676
75648
77910
74553
27927
11156
71544
28183
51298
99765
93709
17515
31599
70771
50165
77352
61187
55665
29173
44930
60707
79376
48116
7596
19037
49822
62191
84799
68019
12329
71403
6727
7135
46550
70811
14504
16095
22649
50737
47625
19142
813
68638
3103
93912
53564
82389
47820
49792
13884
55912
40643
35991
3799
22410
74100
77912
77895
17910
76758
81906
24119
78370
26913
93146
258
27311
15810
39073
48652
67753
64321
41783
24000
32156
40857
36707
89484
37154
50285
92064
85020
36056
63684
83836
48073
61401
37027
44375
72272
2284
23199
69269
21969
66772
16257
36712
81912
38381
79422
66398
10380
47419
99009
20798
81400
42944
75368
30737
47074
69154
8869
9258
24594
21198
64059
3074
14160
79739
98354
19231
83836
1029
22957
56147
15240
69815
23200
62819
90057
6101
3056
47711
11466
53607
34341
59758
96908
67689
84932
67902
49000
63564
72330
72695
9936
81894
38979
93789
31411
78047
73972
90480
46824
43857
12134
88997
15510
26228
25941
9849
19703
15625
88324
11294
34149
39338
25139
90885
55560
9304
94926
16033
74486
42385
30562
86669
95754
92143
52487
68346
65252
5514
16444
72484
40648
45191
89979
1972
51514
99119
61446
24986
30391
32163
72861
87606
60468
21872
33646
26717
77846
60154
16193
98678
86763
95790
56102
96360
94691
38855
80090
87432
50881
47498
62758
70121
76707
69892
69768
9209
9085
19815
79450
84632
39264
22945
87452
57817
18452
82812
89781
36764
19030
80278
8411
99885
85504
38474
70633
20742
82904
56327
78387
21084
51957
38121
7078
67948
10207
23980
54682
22114
96098
56716
21459
39812
39129
4199
38166
27345
53312
93199
76393
49171
93461
607
68483
93990
84269
91001
36488
10495
30618
85709
79699
34731
44290
97868
98503
44362
76974
70358
38686
91650
32407
9137
24757
86588
41526
13121
13482
24387
23631
63609
39517
77377
23898
51195
43906
401
12944
86151
73152
30913
57702
59488
11692
226
24536
96181
63815
10759
55273
69531
32407
75615
64793
26161
51410
61464
44792
4850
16415
23459
22558
19253
23623
71773
15818
14433
71158
63381
45185
270
98770
69817
14232
10947
42016
31881
43884
39061
55236
75693
52624
45336
14017
30934
6896
50481
42265
61804
27131
74439
21651
93929
23998
72
31874
96367
56736
3279
39071
56838
50858
9614
96647
70462
86053
8651
47923
47503
66751
81666
23184
34038
17618
75656
5104
30943
4166
87253
95962
91235
64677
3827
57672
73552
53803
85836
11380
30439
40521
64476
77213
14104
73479
71699
6755
89450
25355
15908
10906
54428
54472
65903
14023
81147
76731
8148
71560
7669
23800
97942
72929
30058
74561
33814
13884
67005
85963
46243
63448
95206
16714
6775
69267
82726
32659
31649
42232
79638
6229
75251
36320
60558
73992
83032
92819
52015
96146
966
49453
19122
69681
19167
24393
30665
82979
61030
72749
69421
63799
16012
78840
5479
64842
54161
91408
4247
51542
53542
30893
98049
5241
17904
98015
10395
31555
61261
91094
85433
68564
88479
95910
41578
22324
6551
46380
37938
18259
59913
66913
14930
46154
94987
98027
46322
93735
24072
75683
18994
9249
76758
81727
38783
6996
98258
7964
46075
31400
78341
79577
13155
25024
72000
64993
86859
3815
3570
58722
34671
28923
29677
61333
50186
78584
73231
96438
74716
65843
30622
98390
95861
18316
97328
76407
90926
34702
53344
10891
93405
59448
99169
65963
74053
71717
35502
8582
44626
67753
35397
9056
11971
26758
66285
60409
32906
89548
81122
94719
46218
46553
12827
93457
87095
27139
74281
85790
21460
5741
87304
3902
72899
91996
38382
17664
53282
51802
86347
2247
49661
14190
27753
1834
64673
54881
59426
40109
55409
11602
64455
93985
66617
78504
87824
90822
8082
47413
60992
11419
83174
12231
80862
81113
35811
29406
47957
9561
46435
32228
21004
96135
74149
29576
50752
52320
11746
80803
14482
5103
93142
27590
84536
36074
68601
80903
29095
79807
42130
6577
61527
52034
47575
26595
25804
3277
25169
54799
29804
96761
48706
15542
15773
90844
44969
51697
87751
65602
41711
14501
99504
70885
78226
41833
43283
88802
13412
73845
69690
97504
70257
25249
11995
95070
62794
32126
84439
92414
61815
17746
73371
12352
69052
76711
42509
38301
85972
59616
29197
40589
83041
51478
17184
70910
97980
76324
33320
56214
17508
27623
30448
42148
25975
19674
86892
33161
36501
78557
74084
51444
55435
42959
18234
90151
69346
24937
9344
67645
85276
88617
91472
99018
99578
40834
1828
88717
18466
91915
13077
13840
4223
37052
73224
11501
75072
29161
30451
5648
43815
62621
76528
8808
40597
63980
41701
12465
28548
90475
26407
36104
87540
70146
60747
39457
10944
78330
41327
15059
33019
34512
6888
68950
80427
20779
79105
66225
20402
68527
12988
65078
60209
33623
72508
88103
37787
81876
71406
82839
31856
36445
96552
4871
11257
96751
61822
16311
37944
24455
24132
30034
35782
6266
30086
45806
38188
45603
51639
18267
31669
5536
12251
68713
19426
24003
1181
2711
39440
48929
22907
23815
84868
95654
31075
39989
91037
12024
51977
43823
72984
47493
11225
10212
20243
61764
39103
95915
81428
75791
45053
44233
210
63343
19766
95029
96386
4906
44597
75422
20980
77328
62284
99681
52747
32407
90440
38224
44891
25542
39824
25078
75476
91589
33092
60764
2769
29218
6569
33287
77586
47392
17479
23770
18782
47934
72189
85223
15096
66743
37172
83070
76851
72858
93739
64230
24375
29327
50003
77948
66517
52811
29145
6011
92252
69815
11696
72593
71142
56660
21405
94685
34279
67558
9174
2943
86345
567
7645
9716
81563
24764
160
26158
81557
93595
72189
33509
1518
99172
90729
95014
42586
80202
87750
54406
2969
82237
7451
4459
58094
83133
13924
24879
961
38855
45746
82615
37851
75215
47086
59657
41701
49619
1124
23488
75691
33594
40867
83576
12982
21647
14921
83641
95027
54898
41317
63902
90524
58982
91189
90112
39841
34877
5929
86903
95582
8583
66371
31827
99027
41006
631
63426
64242
22926
38413
31788
76976
31584
93920
73253
53777
5226
86939
22285
48308
99833
92244
82997
36465
28303
41141
70417
59620
46530
85809
97306
56250
43092
77023
26174
66157
9665
98918
28139
48648
17839
50632
90344
16297
4655
64004
91880
49273
73965
98923
24524
21729
53633
63494
69051
41393
9644
64905
50488
76221
7312
8639
86407
17889
27098
28691
11186
10873
87954
49447
6154
58017
4613
51112
90628
98736
6955
34884
32068
44365
79316
61516
14935
46700
35558
67445
67292
70383
31713
46415
81812
37529
32216
21272
83550
13903
87998
20603
90706
9937
55115
17935
86568
77000
81170
87388
70924
89608
13374
79031
87456
17628
36952
19588
29973
9030
35443
99736
14818
23387
75538
17924
69379
79049
58207
12445
27354
2831
45188
28451
40270
26
65313
34655
11730
94703
28666
25669
35963
25498
28244
20219
75461
20483
88572
92957
43849
16211
28641
58114
69601
30645
42545
56965
3814
47450
65403
87870
973
20012
84379
57609
45484
57519
75073
25792
18737
12604
92059
60310
1545
50290
19023
21123
85034
41351
88729
42112
19410
89703
15961
86285
64491
73097
47615
8332
18502
49096
23277
70334
92344
54243
56916
21361
65406
3278
95726
69783
5943
77457
85672
48285
64171
76212
74990
95918
49412
94818
16635
58937
84017
82220
88614
42758
86221
27793
37155
31049
71718
23583
61838
24798
79444
49437
4088
44121
20920
32439
70846
78671
24461
39210
23762
68660
95674
69861
90938
47873
43876
35792
12988
82430
30426
20013
18150
94694
79410
38302
32163
70344
53758
42271
67831
8492
40545
31287
6451
89655
8122
69192
78695
4448
94667
33906
76085
7068
62844
63244
75860
31953
8501
98666
41781
39429
42663
70160
71402
36754
75567
10122
96295
54619
19066
31822
5925
46013
89463
58925
58141
14303
36691
46570
59662
70406
47704
91601
48465
65177
72061
89814
86646
42415
95910
61474
77121
10336
46907
32844
50428
34948
47095
31094
28933
17426
43362
22735
64902
29427
35818
1580
66190
45206
93274
11232
68709
27482
91985
69270
88356
95165
38920
45500
86771
25404
44033
35057
15045
19835
87367
58645
57449
95479
86293
16804
83248
44440
5774
22882
28852
43360
70285
40241
74845
83525
29862
53248
52803
35609
4699
8718
15412
59194
82860
74746
29988
16554
73851
77217
10338
52618
27161
90821
84794
58593
9366
81002
9267
45428
95963
16039
73365
15100
74846
94316
14882
32663
77168
60885
53369
70060
48313
19490
77053
13881
46799
81547
69018
3582
12162
31881
38348
94106
74194
32594
29840
17427
85420
31008
21942
51224
46256
85424
86717
89694
58048
73292
77924
51490
83011
392
33722
52796
12077
86782
29029
19770
41755
65480
89245
13888
39325
93261
81802
96173
32040
39436
34952
61857
90473
88120
94216
35701
88771
62236
16069
30044
15252
53394
15757
32564
75687
20786
31513
8818
78527
4350
40989
75807
16479
82744
67401
27152
62020
95013
42622
67869
75815
36355
52428
47342
86457
33029
75086
62744
37549
99181
38650
42008
13894
79248
64645
5357
52356
83634
36170
47508
14990
32420
27048
78810
52082
32191
55263
12931
10997
24396
78743
91140
53065
60176
34437
88777
25219
76227
32672
58225
95682
69015
57957
24493
3730
90540
94647
64471
92415
17844
91339
68984
90088
80601
1348
7944
81669
66364
88342
93259
63835
61437
65931
61554
9634
26832
47961
79337
77530
53414
22285
6969
87440
88077
24939
44557
52097
73673
83937
22869
95879
99443
22325
95440
15239
15792
58632
34192
34960
27531
19577
30243
92692
43083
84594
54020
40553
23643
14738
34325
87084
45915
79490
74735
15403
64823
84194
37504
4165
38433
18115
90090
46762
56368
88533
27502
11165
95091
79806
54828
7925
8719
78020
38658
37061
52371
31602
13514
65913
26607
76201
60022
49506
26084
38173
55183
42587
73362
45156
31982
68188
19645
14526
75475
1452
98248
60912
25565
99394
23712
62505
52892
57410
39752
52536
23550
1524
32580
57105
70802
31743
42682
83424
47531
16352
27716
73611
41847
99576
51990
78290
84
25763
3832
71575
16393
2091
71189
24392
16154
18762
37886
76660
81659
20767
98284
489
42830
78504
26395
26346
83157
35896
77071
12057
91629
24117
41459
70533
25110
16648
26727
36282
32439
67079
80882
43048
31458
14957
37563
5331
23258
66922
12779
45067
74111
60483
45835
81432
94872
96020
40067
6478
89
78918
25507
2272
34609
48235
35223
16191
14177
80905
59852
229
38315
51173
20699
37422
98753
93840
80788
23950
24689
66842
95396
48951
77417
33809
88825
15804
31113
90443
32572
78383
54063
39935
91540
23703
35135
82085
99587
18424
84043
18402
23437
50831
70717
91186
74870
42186
59055
68420
35116
71781
33421
58314
62496
58531
12395
87386
64612
68617
93648
4244
29772
73485
76223
77528
28821
65387
62082
40995
18216
48725
47473
1278
97882
64586
76479
64612
3323
73154
44058
57649
40418
14102
3945
14453
3498
88589
57995
76880
52523
58150
77828
8755
63574
35569
37115
55615
8388
50706
13389
91247
63265
10307
51967
79880
95451
34976
71369
48558
25985
48785
29589
8127
21969
17385
63610
83205
28397
79036
60764
11604
9892
89637
19859
51920
36093
7597
12409
94324
10949
77330
59905
4078
15790
31169
1737
39896
8808
18661
40181
79992
99447
89497
13842
57484
95232
1730
68975
53850
667
478
69323
24152
33096
13962
9399
31047
8808
43521
73622
45878
44168
82153
14237
34683
11163
82165
4681
84483
84549
6671
61835
41000
18618
41984
20588
22755
95646
18314
87157
48504
95176
84783
93837
65027
43586
11349
27155
90563
16727
45105
3841
95472
84953
31242
24596
26226
9476
20067
44350
41395
21741
20598
59476
69041
43393
28531
27409
13763
33407
51827
2174
38624
81093
80644
90489
22266
98927
54
7482
44770
7542
23739
38444
87150
46738
34771
93646
38836
90955
55635
76928
95112
95455
33782
75567
92197
50303
21336
18913
71495
73257
47916
46298
86514
29804
34151
70954
66074
28830
70053
25979
25597
5794
87252
30825
74687
71768
86970
22353
3615
76369
46679
53197
43970
5302
17512
71993
89432
9185
41817
64960
31480
39267
65624
56399
11826
47813
94354
36867
18451
96189
41740
12088
55354
2028
51733
43116
97464
48387
31057
78829
1640
72438
16128
65516
82290
48966
12207
55153
75842
84837
84937
23882
12174
44623
54834
55295
83064
34661
43828
39303
47820
83115
49612
86692
44486
66958
78348
61909
81351
53318
49190
92184
67970
42250
95099
19790
7505
20743
23615
26061
12909
63679
68516
70711
28331
46411
58711
58099
34089
65831
54245
63242
88656
1970
50963
24710
14327
90625
35151
38977
64584
18956
77400
71370
20645
661
90958
32446
52290
35073
44001
55444
43757
5411
7549
50395
29387
25402
41139
3565
5625
659
66934
37047
86118
31406
59577
42698
44855
46558
83905
57000
48643
25645
45536
49031
14695
34714
80389
52400
41691
75077
98339
83835
53405
19679
13521
56027
62837
90837
39167
10438
11757
15246
98451
66934
65672
77396
4418
11445
47443
80931
91897
20287
74134
18969
42206
50349
21141
49045
27461
8035
75256
66089
15504
46677
54021
67729
18724
32061
62615
10213
40448
58800
31442
60365
71145
96445
27727
59271
13318
93570
62616
26728
68755
70497
21663
52034
4719
86895
30999
36293
26694
79173
34159
74195
24463
24416
95176
89071
25576
2540
62472
64066
85681
96419
25008
44375
68723
90923
67256
20757
21676
6122
82805
42901
28263
27362
37719
52754
34025
75470
84284
72514
71126
94043
13333
29769
75465
17601
99095
53138
80933
24318
34355
25760
96054
70097
75658
41128
16819
46980
18434
66005
6141
8174
96
78527
75179
54411
85553
16137
34658
81961
24016
37584
45376
51260
78597
76002
86236
46982
20918
35944
75407
65279
51786
66267
25681
82013
55978
22881
88557
26975
24257
20633
43311
13425
78990
61974
17050
49692
21053
21568
79675
90181
75220
60617
43717
66794
48787
42443
13165
78605
33945
21749
67685
7565
78241
83959
39048
71077
19435
18205
35120
18482
31181
17755
93419
27793
54154
15058
1030
61492
93628
75098
600
95722
48934
90369
13134
45942
2881
43532
47502
73911
39898
29715
33841
75792
80530
59384
13453
19276
16888
94894
41318
18766
8742
9019
9025
12019
53177
92201
75694
29066
72083
76724
2365
24800
71211
90652
21399
80305
12133
2135
36544
64835
4168
65566
41657
90280
67172
35062
66446
83019
38084
67881
6147
44254
94190
642
68712
69256
44318
44597
77857
48354
95498
12680
3250
78105
37121
60743
50130
69754
97198
98078
29828
53902
16075
98252
49935
45271
51781
20260
8272
49485
78169
32139
48365
65008
62118
14447
35771
57674
9268
9366
44390
62703
49111
72715
99824
99646
89758
80793
12862
69410
10261
41687
50325
39327
74118
61607
32817
12151
41436
20783
19312
17974
29186
20600
37052
64197
19089
73894
41897
28056
40898
23718
49034
78597
65192
92386
56890
70598
24244
82240
98113
61610
42169
72317
90626
65108
96229
81006
29099
67678
50069
93759
52523
6252
96585
87060
47179
22572
23263
15117
95879
86393
66016
64112
64219
6371
48924
20338
22423
28154
16730
43216
37448
52885
54556
81891
34140
96129
55029
25032
16549
47197
36835
27421
60884
81899
40720
14088
40172
27936
29031
22961
17291
81484
93119
10416
47880
25938
29284
10590
67511
9369
78402
8957
98547
95928
36977
63433
1280
18253
38080
82128
11222
22870
69498
45896
49831
18657
43360
45943
69482
9617
56642
92015
95183
17533
85149
35069
55273
77512
34917
39821
51300
20009
34485
37218
3272
36571
89030
84606
20655
63424
33142
62266
91779
6894
12808
38988
54702
77778
99186
46477
11149
97943
86829
12648
71774
91746
57243
17235
75790
77330
95019
49654
10932
28398
28244
68677
70733
85755
27491
86244
25267
59762
38421
23599
48799
79724
41877
16961
43178
14370
32301
82047
19368
8710
80441
82043
51142
56930
99493
81974
94777
58374
65216
13945
76487
84266
49995
22350
85353
16503
18439
5888
73694
6660
97828
24126
59099
43300
80560
90329
42725
8747
37731
29428
7057
52661
23072
40234
32916
9091
24694
64390
80352
36092
78438
31062
10927
62597
91099
15998
89935
85893
34389
26324
96288
74884
61234
98351
85049
99263
64837
74638
93035
22774
47927
8721
51423
69954
94686
31141
70968
29
41101
98800
95218
99125
20805
41174
75034
32476
22975
11537
3732
82030
36417
49114
66364
31669
69717
58944
98891
52182
31186
20253
23466
81219
24274
41262
24528
89635
64254
88603
57103
74939
50182
32891
33481
25028
32500
68536
17352
50938
1098
85453
65507
96022
81289
93134
96389
90818
65823
23398
32050
37776
29965
67139
55485
78095
73589
32535
48855
14113
9372
47414
29751
35004
69374
66880
82466
20990
33652
88774
89132
81813
94006
24204
1604
18945
53592
18106
59180
87797
28816
65693
49455
76137
63791
24654
30110
8012
89629
80080
77876
28630
60899
79362
7659
25000
79833
17674
9536
89559
75211
21169
84267
39576
37300
44639
19014
63826
22864
73138
34087
79836
34933
92954
48855
49951
50920
76324
60347
22522
19596
6404
1615
35735
72583
54258
48582
45885
99191
8030
73903
19365
14831
45943
4241
58195
12655
39402
23438
12606
25719
70255
78191
71026
42640
47111
85132
7722
13622
9637
8639
11469
55636
16890
77219
14759
15687
25974
32975
92404
79308
80719
63450
842
17745
46544
48063
84976
51817
47343
62359
88120
72978
82937
22493
62412
2881
31563
19622
91993
91566
70825
89300
9335
51345
82709
84522
6281
98622
43480
72681
15683
29027
37678
56545
66950
82649
76933
27215
99413
65610
48930
93104
51064
81798
69651
93106
27099
94337
62830
94428
92573
80190
44645
95962
26587
63276
48730
6610
21608
11575
86876
44628
10825
61928
4180
8854
58899
92575
53864
5587
57035
97939
86661
75911
21971
32802
22389
57443
10343
83675
47222
31738
24754
94091
59173
54012
6028
17439
66427
35392
77245
96135
28429
49517
29513
69083
17985
65166
16871
90773
74175
64424
58253
4796
10466
91997
28185
52204
40202
95415
54649
10808
82494
58141
32536
55393
15580
98037
4140
806
51795
2159
54363
39925
18607
95514
17603
16807
43507
96201
95741
81590
57071
92264
42210
58260
48128
86623
75828
18945
27734
95616
49874
99142
84508
53943
16853
7135
42924
74262
97436
77816
68255
33158
83281
96232
97117
6940
77724
69413
10971
60430
5803
56349
11407
99881
5625
75504
686
37162
46778
96812
18761
76518
8318
90836
38891
27486
88788
51645
77931
67994
13805
31878
34564
30155
52931
28631
28934
57966
56873
36966
80573
90891
78490
44226
27977
60226
46642
72800
62844
46165
20640
91576
24721
32661
64827
7053
77698
14458
47805
13917
69782
56064
88860
31874
57731
76001
45332
80619
65345
31300
59018
48040
31642
7006
57099
88133
96796
73368
33682
44517
68389
59423
21718
33116
8254
5847
1886
33212
81071
2218
84964
29996
9898
84264
47286
23666
90920
65197
95066
70239
29976
1882
82688
47467
76798
51396
12509
45590
49386
56435
99281
67133
60594
9042
90989
82550
81733
81327
99722
29246
3900
79105
11147
60353
86725
69795
9189
46596
16364
59466
73747
9715
29830
45573
83578
19093
1113
51701
83911
14612
26063
58558
58950
28232
87630
81501
83072
64362
30801
8995
11396
64855
27480
8759
10281
28263
65518
28702
21441
74991
53276
68314
99497
50075
91326
72850
62142
33532
26273
7389
44524
84583
68220
810
55011
80511
22977
10724
88208
23533
62908
49580
62904
79757
36175
29436
17558
83188
93128
28318
14029
84671
90757
54598
71414
50784
21327
87491
76194
20921
99734
1580
92320
12134
35611
41145
25452
20786
10833
96144
79224
7667
80843
45835
78275
68943
19076
78322
22661
89151
27787
64709
81403
44446
45706
65093
29050
74370
93182
70273
78501
68672
8887
37860
65748
22026
48641
64346
97772
93990
36528
45769
83512
74126
81271
18733
29667
92935
96661
40856
97986
38119
93892
65109
88824
32626
45732
86057
36879
6056
57755
87659
79385
44226
20214
2095
84456
33026
55645
96962
7830
22183
21928
44251
79999
22149
78267
88652
12466
13033
72458
25037
51863
88378
61791
15365
3710
78520
37062
23801
93773
98384
79467
25493
34320
42808
43451
49251
15010
8786
25180
47249
43692
58553
45848
45948
21119
49991
51852
21571
45380
51576
9702
60750
6778
27917
52566
12379
51985
28944
17454
10250
67473
40852
97324
47688
56528
60183
20747
15208
61624
33724
63303
70113
14476
66418
89465
92996
79789
37046
21528
261
95545
77190
32994
24074
2599
62802
67823
41546
99427
39723
94104
33514
54063
54533
10957
79918
54577
90402
40824
53575
81876
13900
55862
57050
44205
23234
6723
58369
21376
50977
44814
20475
28612
15044
54967
86606
24796
30557
44471
79200
58013
92194
66558
93452
62441
11712
91655
18313
94979
48567
78137
97513
27433
2897
35777
51092
90649
49598
19748
13953
676
79847
40780
12139
83853
82107
27940
89770
57666
38544
34514
20052
17271
34713
34622
82239
23791
80511
18403
63144
89788
18576
57036
46543
9775
52699
75327
86739
89179
63249
39253
23606
83883
89243
38582
85546
74255
47397
20581
44141
62551
27339
9829
29633
623
49155
31272
89933
26059
94517
38913
77522
9199
25880
40923
78367
90916
89571
3436
54912
21609
58074
9954
61225
95562
4412
50996
2543
11617
17237
19568
53754
81066
59115
91958
21733
46736
42421
80564
35040
73423
47416
55661
71083
19142
35239
46414
85686
99126
14936
47958
92885
10044
8113
80975
53817
90622
17383
72959
72730
56651
45511
56246
65425
63319
31015
6885
60847
15870
62939
80544
20082
70767
12616
36923
8683
43882
73472
82501
38012
69656
31256
2959
99231
35732
96561
1262
49561
51288
19101
5095
74642
94075
68912
58292
43069
21135
13538
64831
89613
21222
42171
11159
12163
33151
87878
52810
44086
53618
77213
14707
68487
10460
92908
21007
73762
82910
69773
39989
10876
9076
56552
2259
1946
32717
67204
26369
67009
6276
13912
65032
81252
85275
61116
67166
48534
20287
64947
36302
78662
77077
65666
54254
85698
92916
82067
30451
82471
7646
16266
31975
32488
91763
14897
47065
34634
30604
48470
35791
58301
13666
64477
25525
17014
21151
41813
16043
67161
96012
24179
69284
45069
39114
38358
72213
10497
67549
9583
77715
47474
31696
70725
48084
84495
95360
24593
48428
35209
45068
59366
63182
28044
9614
36061
37937
88616
38950
63843
80898
62291
12755
54169
93581
15954
23312
97890
38674
37812
4755
40856
94574
61950
61346
43008
90646
80434
81086
93530
65092
69880
7840
20380
38136
51702
85034
76359
47265
25685
77103
5840
48382
65018
21017
96382
46992
37638
59573
97695
86900
23467
60525
46722
90445
30082
31258
72147
13860
70349
97340
64156
54171
54753
25146
86079
19875
68414
33671
73316
56665
48196
58719
11985
1596
48850
3840
14781
24327
88808
36722
14791
2489
95999
67163
79328
69669
32001
73325
5351
69205
58852
26674
95606
44680
27021
2809
30368
98912
5316
55322
43500
57237
43919
72932
83518
78000
60275
36277
90455
63444
64212
40103
47534
37534
93471
49012
73010
73799
13726
10509
2015
75854
48199
57765
70830
36075
41159
96341
56742
23712
26854
84056
45486
82807
70858
81249
95240
52331
74329
69871
41249
56277
83347
14173
38370
49784
25291
63176
70174
48882
2103
75697
62720
16081
6346
82387
28726
21781
90109
86047
33541
52348
9101
41443
18231
89715
84689
48896
37012
44503
75157
42123
66394
84879
24152
50107
21595
66803
59029
65244
72173
37747
44752
55544
83238
55670
60023
17385
21264
37735
51479
77117
54201
29164
39077
14770
44455
61600
91206
1170
80267
52522
61588
10965
16132
82453
81698
98387
96102
75131
32230
10
15190
97289
75001
59323
33535
89328
12795
51648
95617
35916
58728
24727
22511
86435
39059
60269
39019
39184
23762
4781
69506
10400
77693
14234
86349
19388
51883
6407
23139
34442
89233
17197
71110
40753
1835
12770
61775
11094
88133
18080
1291
82881
97361
84137
62867
71027
15903
31336
62306
75057
45707
74204
38808
71057
68358
54146
38204
14293
40116
81065
49061
16709
42990
12180
73407
5021
24832
76935
23327
9750
97479
90574
22253
83302
26120
85786
55523
96057
35357
31755
58598
13463
77833
3025
53331
14236
59846
6765
42753
70035
95018
76366
53085
70359
61875
91709
68015
42896
74106
92027
34763
89229
33308
5985
34058
28499
23174
35391
96847
17553
21379
93921
19453
95087
50812
20288
75815
79414
65364
56477
50584
34773
67106
6016
20045
9434
81509
64629
89213
40389
75252
46262
52870
14028
87203
11099
85981
69976
57312
39045
84575
36115
80452
82063
72089
86835
82642
71843
58090
23709
15634
55465
86440
87991
92488
81019
38143
27757
41568
57606
60500
59000
39279
69712
78645
79614
92913
34613
8144
17958
84133
53316
28065
23572
50904
20463
92758
36625
81085
26696
57575
4794
14451
8179
68855
51536
1552
72277
21705
38082
47607
55848
20477
3008
77560
53152
86304
7841
94424
84098
43647
64922
67239
60340
83550
74647
77220
46685
45128
53167
71108
8353
78784
88802
19259
80809
54776
25650
52660
98189
58934
36263
57872
68828
73724
11755
41768
91907
77287
67352
39025
67982
5692
34137
24424
67924
14391
83615
9359
89792
43660
10753
47326
51171
39832
83240
46708
35759
9195
50010
90839
37244
84663
90410
95116
21006
66679
76926
88822
54701
59258
18995
95373
42513
59720
53194
98868
34642
76334
45962
27075
73572
41989
79039
51445
81702
63935
94900
3228
91118
99779
89759
31469
65622
78114
55051
83419
67553
88517
84843
70822
77504
50112
86232
96562
83738
30530
52545
55327
19928
27762
85045
89227
44760
46301
77829
74698
25045
95916
12765
40591
5134
16496
46542
68979
19790
85645
10289
10002
35073
97029
83742
49998
82378
6977
50546
8184
84476
34417
89039
1326
59183
64946
3756
8100
26259
53712
56865
85292
36188
43710
15924
36481
85686
16248
94543
10537
84104
68506
25966
12042
87324
69501
76064
38643
21327
80220
71856
21403
76284
36296
94453
33347
63864
82307
61176
48720
95364
15647
607
80848
56362
44865
6476
55
24757
92495
41516
34739
3398
75598
50822
88491
15944
78594
35737
64064
45145
92447
33924
71014
76437
31830
49029
8023
46585
57661
74241
53168
86985
26222
58022
65839
94386
58050
67448
2514
57906
69888
14826
75303
20590
41218
26652
36893
56171
93222
50462
58515
97260
42513
14765
78516
59898
54563
80012
38331
71216
62477
44400
89903
21870
35618
97367
54036
33012
79553
45697
32670
48741
23894
72479
29759
39277
7820
27472
15195
27567
4427
88997
74141
32587
34519
82060
20172
56289
8046
85179
14778
27980
97132
9273
28070
59824
88462
85973
95947
60275
84791
59829
77507
98393
25431
39161
93143
11330
73768
23673
28572
99739
76267
93445
22924
61371
31822
13563
20082
71866
22967
81381
51598
33547
51164
19314
36821
77937
87207
95035
31259
25844
94811
33099
27753
79985
10488
67270
16685
49495
66086
71187
41235
83064
21686
96537
41617
18036
36034
42512
68243
36490
39279
78074
57942
56137
88523
39471
9634
73804
80511
29392
66280
22362
67794
51331
8444
98110
74764
22953
91501
64990
38216
25642
13252
44410
3398
63917
81690
55035
91030
28039
63620
75601
13329
75854
34066
65614
57830
75843
13623
93748
76613
82314
76376
91801
15557
45821
34490
73298
93289
97141
57287
30101
92769
81524
62366
47859
59763
61428
24271
61694
11949
50584
82211
7189
49989
89995
92526
8587
27626
27345
63859
86040
81715
15288
33421
56805
45062
1249
91243
51494
65056
41583
36008
65780
29280
36341
50805
20430
55668
47397
20087
8063
39199
32298
70113
63769
59781
98982
4369
8503
46630
62364
22685
79126
63358
62802
58231
77040
24915
88593
40061
38525
82650
29883
90589
54246
16965
79777
97106
42802
58405
89920
54403
13761
17461
82459
61587
39353
41009
18046
70323
90748
28989
20422
24033
84849
38805
62133
98007
30540
76873
23034
48878
59578
26876
43533
8610
76579
92469
7854
12924
65034
38552
9147
36968
41824
99694
67881
22130
61419
86888
97700
16990
32746
64537
38834
22739
26668
88415
8125
28780
20057
92346
46869
47765
43669
86391
82952
10993
75317
82625
62096
64855
47293
95846
44569
16953
17556
76134
8320
16533
87889
17672
47273
18036
39052
54043
4370
68861
92884
94028
32983
82847
4406
73901
37419
9504
33119
2328
3514
85695
42057
52202
93683
61248
25570
10070
47298
22894
72371
28307
96891
1955
29100
37781
83448
40383
41452
69469
29913
6993
14863
2337
11053
1216
54815
1767
39943
55147
18022
37927
76592
46402
30052
76669
52617
64025
2409
16925
97359
27631
12646
8021
45473
45986
94774
17933
3794
15400
24064
39224
56122
587
70255
13271
88608
11047
36270
25341
25544
84585
95722
73166
75587
16214
91805
39937
1879
25492
62625
8912
45970
38253
13565
41383
55121
69711
65994
2272
85303
35096
73429
58413
78089
81262
11221
93375
38634
28093
13866
79684
74080
32118
55284
24387
86964
36344
41672
57121
56588
50162
14029
61213
82831
11038
37969
57791
11476
15782
92173
40496
7924
73310
53614
24098
97002
23125
17652
14184
40613
84141
84151
27035
82078
47016
86965
88926
46289
99806
43456
22291
48164
81566
53150
82564
28404
91392
80203
43946
5175
41481
13033
44986
3098
31901
6308
95546
96803
42087
75396
15607
85311
79453
31477
23308
95639
99087
16691
14742
99265
10104
23004
81228
13488
14072
55956
91140
51205
78794
34960
22853
77262
36786
5570
72937
27296
11943
75919
79488
45850
20177
79475
94304
4562
60210
9346
9599
68351
9247
65523
95047
87762
64928
5809
29173
9059
29703
93582
15431
10082
16736
91137
57824
89595
67438
56032
33484
60549
9913
59671
40369
23575
54863
62313
17064
26053
20949
46756
28686
44197
5082
34139
87933
60859
64841
79605
33588
50158
59948
73045
20119
21506
7662
50674
81482
20263
43011
56889
19833
29989
38885
82705
35600
72146
33364
46954
59185
53109
32008
79553
66541
65469
1414
12296
61000
10873
46975
81961
81902
75005
72583
2974
56963
51852
52914
72407
49769
83987
9970
28808
66387
58381
74719
98173
75821
73128
31967
25290
67852
69478
91968
6775
18824
5676
5872
13310
60989
34398
43717
12887
54272
33922
83489
84328
40670
34689
17672
40913
20943
77539
69746
67622
30881
37656
27256
12338
10144
49139
40346
61277
50518
69116
5091
72000
82395
27450
49455
33528
8407
18339
66406
72423
21333
3491
93461
26118
49781
13058
20890
60359
59589
50143
21799
16308
1502
27451
36503
34671
36414
90514
10876
19166
88279
10975
83762
69696
71813
65465
42099
36797
17158
50948
14020
23243
66953
25715
50032
86135
52546
6764
50246
73350
65617
98897
31682
61952
29028
78640
93833
52946
36461
6965
32950
16716
74258
98783
75935
76566
60841
34340
53244
63940
39172
57857
6871
78251
35986
72178
34286
36667
57802
4657
2078
4775
28270
89169
24113
57732
83948
81874
88168
33343
36352
4238
32296
3425
76980
85834
17569
7897
48951
61550
17399
67227
34032
63115
45293
13175
7028
33206
72675
55226
90856
81920
46327
30655
5126
21
1035
69879
38595
41110
77177
45541
91648
85778
95294
63748
28750
4771
10070
98908
52828
45341
64709
69848
63604
75223
93335
4169
90167
32025
73833
40265
94361
42352
16477
71994
26101
94608
84688
49660
74277
72150
83464
12819
97656
79384
18290
45320
39039
22369
22737
11096
22872
37634
76525
50387
11667
98170
87453
90410
49742
63924
90397
51908
54195
85654
24497
13620
22456
15595
85671
30344
13400
26176
15760
87150
24685
88872
81914
12182
32853
19325
20197
63585
84704
51940
65963
52293
28540
67463
70200
61694
52094
60412
5821
77668
50340
99712
787
48039
80797
5566
96011
49177
76603
38284
15113
49303
78294
70737
50396
22999
14119
95041
14851
89475
5669
96265
83476
18353
712
11171
48921
71035
38319
78381
46191
23168
32762
77888
59109
44280
22084
52430
7231
94354
64885
1021
26083
33936
84556
35808
95885
34287
54062
97405
44315
17186
86340
31026
47421
50163
45471
35952
79437
72261
22024
14266
17044
27870
22289
61299
86541
41743
5628
59836
53411
76995
66729
62918
92931
79698
300
75913
47759
28631
4583
77585
73859
76808
77020
51959
99622
92606
30533
38093
74745
82616
12079
43202
65182
5791
36491
6104
58407
69045
58103
42583
79259
28111
90239
52024
80809
4324
48377
15537
66949
67911
36640
69804
23850
31449
19250
98024
85936
43319
18670
39543
38703
70350
60374
83188
65492
11231
40556
75791
78227
87872
27541
47026
33177
20583
20263
24447
21955
4732
77903
88481
45250
71527
3622
96135
22194
33582
12311
84325
61823
87167
37340
48948
24725
67325
34569
84244
32758
29490
23173
58460
42653
61821
62346
96490
85323
16130
526
37883
86883
82124
49520
39525
29640
19613
29736
96278
81775
6392
4724
60013
22912
55719
73313
47690
19472
6606
15850
42573
58480
92597
97408
9109
31413
50251
15287
61679
70686
37286
40754
50154
80571
92081
45648
51086
71595
81270
23377
82350
2901
50125
10761
91195
60564
11715
92306
915
51539
85065
21684
39723
72689
20027
26582
16921
22252
27133
72512
56086
57142
64369
48808
42742
63657
19662
5739
94880
1407
67781
15514
18669
739
73435
51945
68852
42440
58545
83605
93575
25155
50971
53571
6741
30767
84428
75155
97544
30872
24890
7544
56402
38530
57455
87809
69327
98631
79498
86528
8580
27499
10837
23065
26536
57762
49731
23552
41741
18069
74715
29699
91459
78866
16594
69796
13341
25258
2342
84599
10381
75877
3253
60290
47930
52711
3352
58269
29317
21021
40897
47292
97477
60741
65761
37277
14028
1188
98525
86119
74310
49414
73326
907
27231
69231
95801
83190
82058
22687
49925
74281
875
68708
43105
41043
94991
24638
87571
5221
66387
35588
77934
60100
61141
63770
39726
37106
30773
5421
91782
81947
29606
66435
86543
75005
11462
79512
66652
83876
27411
25380
3675
67339
67790
28593
65327
59485
36334
34424
91297
50343
92016
37518
44553
45070
45080
25300
44982
27592
47745
19493
85263
76601
77186
47661
75066
81858
68668
53366
58999
87027
20062
58272
6149
41563
55502
22481
74649
78693
5552
10403
13366
49094
34016
58612
74663
30619
17401
59445
77078
3244
62040
19506
74877
25419
26026
25752
62609
73048
98343
53536
67084
5619
75977
80731
56692
5273
71278
29985
28494
94141
76484
47202
17236
72836
10072
38477
7238
38719
70469
30032
18081
36415
26669
86074
78027
65013
82434
18067
95365
16503
60997
45543
87134
48185
70587
23373
27152
98198
27566
33328
30831
37706
33631
48805
2955
15969
26276
20721
36412
95154
47570
99917
64804
90679
5339
6760
39955
29776
32956
82230
26485
16123
89188
6375
79964
41571
77946
49874
2610
17355
9277
32279
51017
6670
67564
96617
4143
28053
661
74137
86575
64768
94566
5302
82025
59214
52238
3525
65096
93379
52291
96697
25545
56415
23559
58183
58569
78683
34892
43792
47098
67928
66075
84096
67646
17723
95335
42537
9955
70945
11738
38904
12478
11722
36561
55053
80711
28181
16822
85161
73419
35284
36197
66322
13026
72115
73871
26967
725
91252
30208
20379
94323
39147
29654
68469
37402
85972
5887
27017
12060
922
72030
97768
24323
84749
79558
55015
21240
65099
73599
24740
81779
32241
59402
52924
19779
42823
5042
26272
86586
47576
18781
63402
63390
5167
56030
77459
88898
28938
30462
22132
76612
75811
26606
72244
37862
27405
37118
57328
41625
32227
76914
62048
10262
74795
58516
30852
71501
12627
48179
65877
61279
75282
60763
86954
99525
50945
92825
30441
41530
95564
38013
99648
41220
87119
76620
43799
49500
13327
82023
34744
10734
24942
40734
31035
13535
8789
39940
67553
98210
34735
36614
85486
22507
9079
85730
22275
39796
23122
71550
14046
49322
20220
55618
24084
36926
17163
27843
48
36387
6482
22934
79944
6516
35118
43437
12248
37193
1868
12775
29138
68712
41103
66940
13422
33143
63507
81845
29564
3836
5900
24892
47101
69776
1703
13880
70784
35173
21194
64197
5944
81516
46423
6054
29852
19222
39505
57590
10277
99104
34985
46736
10947
50079
37064
85044
50316
58827
30698
10014
34802
9569
21921
28996
70570
57715
7244
17350
68977
19778
34534
46293
99967
23825
58547
41784
14956
79626
13107
4740
56197
95761
18899
55057
93117
92121
20956
97146
77798
30566
3122
43048
91562
13928
58148
70757
62497
84137
1511
39925
69849
83909
4695
34967
15322
33290
89340
56387
33620
12251
67562
35196
35007
33626
35686
2405
21148
36853
28751
5828
92192
32330
21349
29827
67827
78580
16738
40096
77945
80056
613
45267
39607
52051
48518
39811
26123
11024
66640
68646
51401
13590
14521
32818
38071
85479
5240
37787
11470
52976
3687
71078
63202
13651
46796
84452
57808
60648
90931
47254
13943
5356
51102
32209
77544
26986
34293
92711
18589
14377
84885
91523
25368
55327
54027
44796
40563
71768
76775
52464
82007
95344
90893
96314
17609
27221
59486
413
18760
28435
65917
65071
99419
42634
33981
5165
59108
61759
88895
46382
87234
7031
15369
58823
53416
12563
87893
36441
3906
66952
45330
62859
7748
89437
57019
39431
47958
91485
80799
89744
32799
2144
44724
96273
10148
16049
93703
69544
3967
56654
29907
97903
56058
34097
41497
76853
48583
17035
58080
70967
3210
30853
93276
18465
1307
40837
34866
48826
46251
78246
21227
47187
93714
19605
99095
65758
8692
35171
92181
52155
69077
81168
22755
37251
24739
22216
19036
1077
38368
35344
10078
14277
79722
64999
56815
34760
18497
69697
93014
24441
62641
25257
53126
39348
18791
26991
45362
37881
9339
63827
87785
46620
66745
20979
62831
20838
39825
4654
61372
37784
89044
72171
81286
64749
18260
93977
17489
51115
88888
70217
30451
3791
89119
73821
8474
18860
85622
94549
45331
58739
68047
13948
39350
83783
7700
49925
82625
70045
90924
71401
49761
70742
54978
98504
14386
8019
49656
71778
18678
13700
71381
95111
96202
73005
68207
31389
1621
63545
93927
57315
32159
23454
97384
64421
35180
27123
69155
26969
83855
94758
31895
44267
68586
12864
52946
4860
95727
96767
78200
13143
7109
83402
34769
65089
33958
2861
26651
59155
77044
40569
52365
80840
61230
68461
6470
4931
47051
93159
87876
18180
94592
41901
27044
76980
65607
82861
61447
79507
18701
55506
34077
49914
99358
68729
63309
3319
51704
9814
34111
84658
82103
95604
90357
51916
86038
88794
65920
4811
9214
96867
78249
43699
51394
68973
22308
80288
37221
6909
45025
11687
72122
10359
50814
12379
73353
83722
87281
94908
16351
42041
86851
39374
64791
66993
94896
94290
59065
80366
97780
6891
22402
22081
75342
49714
6429
42586
41452
72049
38708
45302
3578
19838
53608
43853
67718
35621
84880
30867
38560
71370
73360
90469
16435
21321
96492
24901
72368
9397
57657
7259
90476
46346
82828
16914
2979
5433
59610
61992
7258
52335
19491
44122
46682
4817
7956
74698
57314
90866
9084
9002
31181
20101
91375
24813
23413
82649
19730
35486
35366
42074
34906
94010
38749
94539
36197
14160
66798
25059
15719
7627
87720
3526
83389
11888
92903
28125
90522
62574
77796
41829
6978
46230
66906
18850
31850
54612
36015
42242
20930
50048
14507
71287
95528
42889
8600
27873
56702
76705
72324
14756
66540
14641
67228
15410
73867
21225
94113
15124
55600
37917
50459
26063
16939
57825
65788
95194
43679
15261
93844
23317
28165
19199
95249
25854
96742
76194
27231
21639
51034
67942
68031
44629
97982
71434
42767
35280
84294
35519
84808
83267
69805
56705
62143
61306
71221
29149
21740
11006
82823
79049
56564
16016
33913
32016
79705
25165
74148
3527
97983
68860
87383
47177
13413
45692
22217
43193
45105
43029
93198
60579
56426
95314
50442
80238
92680
76831
37450
23556
83101
71934
56941
91194
37593
65010
42811
80205
73465
44908
92608
14086
40283
24142
49440
90040
72044
31841
34799
20425
84984
51253
24513
21299
56659
37558
28898
79931
67326
69788
85136
15303
58199
61869
95018
30876
62796
82092
44409
47260
97404
7787
22121
93946
54582
72521
15406
33895
29651
46831
96799
92493
24312
30344
32841
63313
13772
23048
39007
67092
34210
86559
77170
47465
45924
2418
41994
97275
54173
83777
10921
22623
24508
99251
38708
68346
12295
23308
61993
48251
37176
36241
41934
46151
72356
58589
13701
79661
85923
19811
30442
47711
66772
29099
86334
14838
91288
37380
78393
20604
38553
53900
19985
40845
41681
8210
50284
68974
70748
28941
93426
30173
78843
44456
8693
89079
6930
97269
38785
62444
35470
4073
7085
2246
91206
86289
36800
71856
65995
42215
64951
98144
81284
31212
2411
45746
36568
92762
47542
26252
13111
28829
95450
24688
65228
36630
97466
98420
20589
90754
16210
79490
28298
38485
90407
90404
38898
90279
70637
65494
74007
58518
12246
55280
44928
21978
14937
79573
9371
70916
79831
86620
13349
18202
14334
70201
51321
45667
52677
94312
91822
91604
75773
76008
58127
75341
7853
80929
23872
97840
39313
93187
82110
53491
75328
31539
72946
37576
37983
97162
9660
36310
56031
54824
26156
41957
60871
68899
79593
44187
69907
38424
81237
10665
79207
1251
95835
84806
6212
6390
45229
96707
20200
85731
75477
4418
73344
91620
98394
57092
98406
5101
98196
98938
70439
61197
1898
13507
39388
82168
48065
41504
28028
57496
52761
92164
55431
60179
63769
8136
90004
42958
14588
36933
58077
15200
38243
8136
34172
61430
77613
14922
17252
25884
33744
50873
53640
53949
26558
58628
1744
50997
3373
5596
46329
91864
19823
13812
60807
90112
35064
35899
84853
15199
8528
87229
31636
27852
59062
15505
64045
89124
48923
13365
82511
87075
84889
56987
48393
16447
86674
84306
26338
41390
58833
10076
66647
69007
16553
11897
64391
62398
57961
11201
25869
25857
46031
16318
44984
2042
61679
90887
42184
31135
16308
60223
46870
35469
66854
70674
10504
9507
59280
72586
22110
14780
37511
6170
60493
2073
93967
31385
58190
9067
5119
57905
71027
10637
90921
99279
44146
31129
60495
96613
40423
63212
58116
31400
50469
76248
3316
74573
34710
38670
26849
99419
57547
23432
40283
19682
61184
13418
41163
1016
92414
74497
47936
33859
39543
17991
79305
48897
58571
31390
41132
2456
67844
16451
60742
58495
68653
37147
13221
46293
5554
46495
17234
78509
14687
30861
38911
72975
20969
83141
31509
33401
35730
92067
55862
9112
75258
13904
72018
72008
67636
74928
66003
20108
40397
38338
77326
41406
84725
57609
22603
49133
73265
29842
68612
30163
68121
57235
94099
31937
93160
22620
93838
50120
60518
85825
20718
69143
35011
11681
32061
50849
92147
47582
4875
62650
75538
78775
11440
85922
87702
2947
1397
47804
54639
82154
19419
75135
88998
49791
98567
77958
39261
73043
8635
31822
53122
97140
6010
43077
2022
26728
27044
49405
10848
31836
90435
29022
11851
1124
25782
66324
95069
3506
25261
49154
58916
60746
23297
53477
74029
78240
45115
4899
61096
28950
29234
93319
49105
36369
21246
56915
24269
56339
56625
44756
1919
14732
98861
13501
53680
18233
75868
12981
532
18818
62385
67891
38658
79090
89034
68385
99491
55181
19686
41069
57938
86762
28004
83687
93503
59515
21256
11751
77870
84482
4956
83426
9485
20780
55382
40169
40760
53479
68718
24949
46770
26770
85314
17301
65629
24096
45504
55046
231
81511
19440
96193
8637
18317
67542
11361
26079
69885
30502
86997
55456
11584
18120
62728
35114
69865
64851
22388
42841
26800
46556
7567
23194
37757
7758
24978
31674
98403
31611
74488
73670
16833
95812
33388
78751
69411
96868
94235
91577
44753
92400
68606
79555
9316
6576
37116
54330
60160
67305
47273
79319
65729
95493
35057
88695
33846
46416
73538
74601
87659
11227
32426
8805
74867
22584
66134
52673
83325
72610
34757
74977
87018
43634
2293
40971
376
72597
49528
58107
76036
18538
85163
63867
41430
79224
38119
19403
32933
7787
66351
29051
52811
13137
23109
40216
43861
88952
80248
90763
49365
5202
20029
61745
1867
13470
71759
62158
63277
62712
87736
19380
20968
95660
24095
74062
29736
97717
16531
81437
77909
99986
18256
2387
47383
95977
98169
27067
31998
17585
80855
11471
76397
30069
46902
23092
98430
48079
1913
85604
62131
45151
65694
84544
75454
27671
29276
46013
97179
70906
76743
28660
50812
69564
71288
75568
59772
38179
60469
57111
37814
7702
64362
98473
91381
3826
72079
26224
16446
59846
87095
87208
1435
12283
29885
89963
79915
51021
27556
93992
12029
47380
94482
25436
11995
63324
35397
29028
80521
52908
82949
75698
45597
3129
15430
32795
62904
25460
87206
69598
77922
1692
44300
14659
5855
8056
90670
3468
42613
90181
16900
55062
80328
38077
2340
94380
64282
15132
54176
93554
94613
28009
52475
39769
45807
85371
28947
49942
49722
82531
18974
43176
63787
66388
91396
50814
25011
80444
78631
90867
72556
63207
862
58704
6925
74973
2380
89111
42127
57742
95579
26167
98754
90942
38686
96871
80480
91677
57000
22030
74286
22356
54214
13676
15562
10871
50354
2078
63263
58883
25925
7444
37412
12307
48056
21450
81511
94776
3728
92012
25779
59604
67644
11003
43655
98730
87842
89153
13641
58106
80849
64914
21286
48204
89998
34830
62012
5561
75462
11784
34496
56714
72628
14465
46416
59407
76630
66509
89656
47614
85174
36978
80435
86687
59220
85185
1320
52894
41672
82375
26714
87594
7898
70314
61179
40489
8734
82636
70810
8677
6557
98569
41907
98625
98082
20682
58282
86719
63738
68396
48839
30731
82768
57171
20409
89291
5683
89709
57333
39400
81220
19906
38931
43018
93668
62946
98728
2955
78263
15611
25197
65556
47239
19754
82785
73095
77247
48838
14112
42305
80012
22561
69491
47173
2418
57778
98284
13866
79666
45318
28138
93597
95694
1737
52743
65267
88772
82654
46539
33874
76960
60047
25641
32965
68099
59725
78301
9828
62042
27167
95309
70645
49036
40019
41024
89485
57489
13758
19078
39827
6773
53383
3327
90158
76315
88474
24229
16304
10884
91531
23588
22235
43829
20261
16497
28420
34941
43309
28291
82203
87699
5902
6483
68202
31819
66980
42868
48398
31398
92602
79399
41370
6312
21784
12928
58025
35162
30352
58509
47236
41714
6057
78768
68936
53599
13855
37669
4504
62003
74156
91043
34709
4106
98778
83363
63992
36266
29472
80505
46523
65215
2086
31612
74292
57008
15783
19684
20346
49021
21231
30150
91377
48980
54220
39412
32972
16828
31965
1269
48178
90180
98114
88080
35391
32159
49533
25709
25145
51651
2979
46509
97039
70256
63019
72991
87801
87731
33910
36344
59422
28231
77604
28580
82316
33380
57653
84839
2631
4995
24516
93277
5105
90247
91611
33945
53286
45106
23417
55219
87477
8091
7060
6574
87391
65686
7005
59885
61340
93218
8836
67943
6640
10536
42602
28495
96984
568
38754
44880
91685
597
10478
200
28959
91084
75032
90989
60871
74895
23690
98441
11051
61015
24987
10554
87973
41113
99192
46877
66396
74795
33256
79092
57423
79928
14993
85274
23722
58121
52821
23420
60576
72252
13116
60737
55746
32893
51101
49152
61500
43524
33131
94683
60747
644
48368
28497
85827
44187
86028
50942
53322
6100
10765
86260
11168
10497
3192
55381
55341
37516
45180
46929
62616
74792
20248
42431
3119
45428
68255
30754
41845
19387
80541
28922
11829
86455
46777
11681
43329
93198
68014
40612
63152
23804
31738
75059
36184
35276
4260
41784
7195
41101
33313
38000
15170
74364
69497
43337
94695
51210
9028
20274
49341
98621
32242
89718
80508
6660
62385
78646
81883
14671
97457
50128
64413
43337
74212
42534
59640
40095
7910
64360
60246
14069
13986
13881
95853
98523
58542
18678
9371
93756
3425
19137
94624
11456
8589
52117
79510
62675
29587
26232
90612
5968
1225
18609
14949
99607
29757
64439
82500
82420
25510
55306
29128
41429
95379
10013
63720
11334
80380
32506
55639
90799
67306
25503
78974
53560
25466
85569
98645
78595
19632
65615
60050
22882
28503
54207
48733
12727
54365
87531
19471
35208
44090
79549
55215
69978
54216
28564
5456
13470
83570
34363
70904
12509
65760
39047
46756
42388
60796
86832
10369
35664
10249
83340
40833
92237
23541
23267
87681
78732
44320
46852
63936
55750
5340
80157
24687
55277
17891
11964
6568
67305
57496
60940
45802
84718
1489
90746
62861
98531
46041
37887
352
31752
80280
27354
27387
49485
23416
64491
78475
85306
37082
8011
77906
79522
9621
48750
11598
33622
71602
41440
47579
47016
42612
62737
73513
17143
28181
97665
15150
52060
82708
88844
23048
65823
29309
18049
66626
1302
80778
28093
54373
52503
37166
34475
6950
39029
44962
20907
45941
19013
90473
60553
25214
13679
65703
55724
24079
56608
88895
42743
41892
73878
83852
65854
82255
47409
22285
84288
91638
13187
11609
39964
22031
98473
67017
79850
20146
7657
41069
96580
6713
25134
96688
23730
98597
15366
138
98002
43719
65264
79434
79574
84205
32064
40581
4022
36686
31085
59157
24446
80379
22061
67976
90829
73313
30176
42894
5166
75016
68515
48328
85500
39983
12318
41618
69801
60439
12246
51119
91460
79151
23817
36730
62197
63501
73222
13558
5311
30534
75940
69503
92443
39364
73863
35782
50409
22115
59116
75743
21166
7471
8291
41805
77592
1961
59527
12951
20536
33232
26678
65941
8440
26900
59745
52218
99878
83927
28831
49505
21456
49040
30048
32152
8779
12358
86147
57525
6578
66173
42054
97083
55586
46752
36089
50255
38382
27058
61317
66820
4175
90436
18310
69241
43391
7620
525
10216
36897
59801
46587
22710
61876
99055
39944
19821
96572
14067
35682
80047
29528
73887
46737
9879
45445
55369
27286
10124
29405
20960
49817
84932
3970
2677
84179
23256
89535
65409
51853
51306
57331
68061
46757
1528
26580
14612
85092
68741
42589
88830
71047
27290
60926
96133
42617
64423
54327
94045
92375
44552
53621
78686
41699
56696
31712
8930
83808
13072
40525
92127
869
60711
14843
25701
3523
39886
64078
87489
37365
73283
83283
94311
50230
98052
28073
3081
16576
59213
14666
11656
70814
67378
25821
27663
10151
86354
26275
12720
89301
56884
17102
76707
44377
81675
87461
92213
51329
93784
54295
22774
45508
5591
15828
10190
3228
88737
83069
46012
13647
66833
95035
60172
49872
12143
68039
95787
81848
25109
77144
3304
60443
41246
18761
79479
42070
53839
57371
97034
16233
62806
16475
19437
44622
60208
34155
71852
19638
41111
66967
44130
2737
84829
92426
34602
8480
86095
29959
4490
58928
28254
72954
1871
44798
81325
407
31480
94750
76626
15694
91977
72250
56615
42097
75891
90624
23709
89988
29084
61263
15055
98938
96385
67350
11591
49537
37931
86074
49193
34330
86807
65962
37300
75024
32725
2803
6155
74016
58775
47554
97612
92278
28683
22700
86465
52782
20560
19731
69324
78875
29759
99703
86321
90429
18285
21311
47231
97061
71062
76447
18107
47373
30445
21927
87104
15893
19485
57872
68892
35295
31770
18174
25913
10479
61056
6561
81698
83203
67447
32926
76572
51227
28536
78957
69284
84323
3714
49486
19460
20965
47760
46595
95229
74192
45844
37182
38003
22852
6268
71487
82069
15344
39530
50081
70557
66949
72707
29808
31253
88996
96699
5433
75886
48353
20542
3018
64695
19101
11749
73505
34469
54779
34592
80564
22672
79182
59248
35433
32936
66484
3888
43301
77846
57314
89097
90746
3867
36416
29392
21768
50168
79670
60173
21188
18245
63491
72
48470
32439
18000
78472
42487
52807
96880
15867
48298
61274
31443
30769
715
79578
34196
61042
36233
93267
18068
29802
94866
49839
1476
56459
16466
71084
76519
12003
32314
69803
27850
44275
2090
89282
3173
53794
48762
90261
52777
83580
99487
94604
75189
97456
49357
57467
28754
60504
26564
80513
94841
2585
52584
97519
7375
41286
58970
60746
95528
64167
43591
31514
21640
21846
23442
31633
34853
63266
68590
43734
2398
52351
82415
57963
25157
41357
26960
50134
91821
40314
79039
42157
76901
14311
42710
39386
41793
60722
36740
61515
55286
67052
21934
83765
10108
26721
32474
83292
75506
94894
27890
42123
92372
99369
87807
92391
87015
82589
30366
2228
52488
39974
46962
91416
22206
37086
10949
34726
39629
33529
35978
57861
9898
15022
30856
56004
4574
36763
22120
68206
79001
10961
92956
22200
53316
29331
17676
23671
2778
97405
54632
1651
813
71635
97292
37405
59071
32573
73118
98016
12789
97823
22971
67878
6889
76983
89951
21367
48467
97459
95891
8224
4759
84840
86185
29490
42121
64383
79173
66328
21214
61256
65005
86683
86353
16289
60746
95394
12818
1308
43373
12299
4971
13519
50444
59777
70121
51950
59360
16309
28357
30607
30479
45848
56923
62810
26797
44147
9234
59066
3431
52640
93255
16863
93890
78110
41703
44963
6890
22057
57448
57017
87428
67563
71445
89767
88903
93400
7699
49615
49246
85231
9995
68008
63354
91990
48512
50875
96558
31840
90949
40251
89417
86637
92406
67279
62825
36357
31025
64908
44242
75730
92289
25934
782
24122
83845
37396
82986
86716
44883
95909
54267
50113
99343
10161
5355
98722
90583
26575
30502
19624
26685
72085
72777
23104
60158
93957
29456
43613
23591
90792
45367
1664
43667
71115
11937
995
59949
46356
32809
7330
81996
63575
13048
5137
28612
9950
78296
57036
6392
75811
32656
96824
1276
45932
19682
71590
76396
99817
59505
10962
92312
40888
96976
42277
91559
41755
10623
89283
18467
88157
312
88985
77338
27726
92653
36320
67298
81338
77558
19592
70554
54653
16760
40913
12254
95310
45681
25408
54810
77311
23747
10511
37276
58272
75021
72410
21255
47504
1022
90549
58826
43315
40611
73065
55091
46419
98059
66142
58215
33058
59692
48475
73200
76161
71991
68388
62135
35840
59544
15640
63304
1492
19978
32520
34281
57006
44796
59581
21
57787
79987
80196
65954
53788
58343
75100
38234
66219
6627
23174
78531
27302
55010
87947
9143
22201
53686
10653
75706
30179
32110
90141
69408
48078
19994
67529
8374
93337
86035
49235
78754
26114
40268
95847
40064
421
89013
76272
6450
52764
27578
36709
25803
63418
5187
62203
92033
80258
99064
14896
42306
77970
90137
17543
10687
36517
41556
13489
32382
61884
43004
75005
18648
39402
98733
50725
51444
5385
5343
39913
79038
46331
86460
56386
29012
86596
25859
98125
93519
5259
67948
69968
83114
30774
35148
16257
90151
98058
45371
7889
50450
16831
99605
93959
42848
92289
49593
72027
20236
59623
48619
53015
22822
42405
34628
96828
84600
21559
94218
73032
7409
6384
8488
57260
43433
32022
87280
8481
96665
68815
57056
84887
26573
18117
79471
46858
13114
86451
42619
64311
21225
75283
85039
92732
85061
97244
83708
7260
17503
31262
61611
87440
38832
58882
47886
26587
9978
81945
54128
99200
50361
7830
14119
57438
18136
2629
71063
43409
31484
54916
86371
97867
13625
63169
87061
17882
51361
58446
65079
66147
67185
572
91139
62809
18395
40891
8116
97060
53155
27526
24600
80191
73045
40148
37924
24420
74444
80394
77771
72517
66925
11386
76419
22099
95860
35176
39749
85452
28584
20514
14337
816
98677
44971
20253
64304
41345
95254
46646
82972
94353
77435
87754
59029
83610
24873
30669
2769
60262
55767
93006
37542
7002
24548
48561
3905
85352
31733
72123
92104
52755
5423
80774
32091
38610
44238
48350
48544
31729
16332
22164
44672
98226
41970
76657
13087
18447
48242
97358
84603
4345
73627
302
16551
34536
17392
57052
91056
23307
74246
13505
40675
21980
68187
61848
43917
36250
1147
49376
36356
31554
61824
85296
64445
89976
98003
37225
68544
76849
41688
92771
19351
72978
90563
98413
47572
29259
91528
77825
571
4499
42537
74868
31686
54347
27427
62655
77991
49532
25154
9417
10534
14947
89581
94335
47392
97643
78917
22073
4386
91429
24910
93439
20886
68507
71071
51411
38849
94483
76504
36710
32103
32052
77286
55181
79840
70842
20932
80404
53392
56099
41090
89303
38585
27315
19423
55957
47307
19387
89552
9363
81411
23524
73932
94616
99649
52879
8743
63780
4095
8751
4118
62661
6310
97233
7475
72761
55530
3260
86233
13886
11207
89333
22854
12200
20489
49506
19958
90949
17561
15773
46141
46651
96233
83611
14179
32250
19782
96171
72456
80519
22744
2505
7738
65976
28238
84227
2826
21616
51342
27109
66162
97952
84163
99393
52102
76213
61452
86968
20394
24926
86971
27057
41254
19735
60285
76711
38535
29959
81253
50131
77567
12236
25210
59741
46617
41523
75702
99933
51244
52794
73559
19526
39422
62979
91253
39248
1940
91978
69656
83910
47357
4061
60690
15472
33742
46503
3826
72803
50414
71002
26988
46709
82104
85247
3136
44670
55212
96956
12659
28738
61257
80735
58663
42185
76156
19349
57368
75714
45613
45264
79020
62462
86712
35800
46079
32511
63673
95780
4939
2233
31826
95250
74999
21596
7955
16674
44651
53381
17495
5946
27593
12314
89461
14613
14842
49208
18507
66919
57924
25488
90201
84570
96945
86836
70371
54592
3587
11215
92278
31177
43541
76125
36443
21162
75513
62753
87060
14541
94621
90497
66275
86397
96891
54391
92957
14684
88492
20072
86191
29490
88489
16183
35306
33722
77077
52484
88115
12603
22632
83455
66890
79934
80383
31790
7663
92754
93099
83955
32607
2874
39906
70840
7510
3674
73220
50552
6796
73639
55721
17524
7058
14288
59417
72365
56744
29468
17053
259
24411
95449
22477
22219
10886
26776
61057
3136
21681
51575
13801
23317
35215
71795
19611
46086
69627
98820
98910
43013
46416
22946
38854
70487
72662
96428
15473
26586
15238
84082
81260
55577
20226
62910
78114
8899
38629
32753
44996
16081
55552
33678
77262
66837
84134
52626
60343
56429
77837
41783
44330
410
35089
64199
47935
81974
18826
28392
80462
55420
90111
72954
48588
92575
59841
14656
71134
25570
95409
79091
59481
8958
80259
91592
33857
96924
13431
17980
36463
7240
53450
9637
71268
22583
56359
25468
47233
61995
31208
74501
26860
40498
37972
47195
85181
23271
82675
80971
65616
72284
22383
36040
78645
77931
78777
41296
26819
65939
73181
6861
55339
70724
38193
89806
21311
70362
31484
42645
46743
85467
75870
70385
70441
54544
76413
71229
42197
11725
20094
38473
8998
9345
46519
56720
27474
47400
89143
34192
99372
94728
25664
74763
67602
12588
43527
8283
29221
20351
21875
65790
18695
75127
54839
7460
89907
72408
92696
85393
78553
13203
57231
50838
57962
24604
95536
95970
10813
65415
72520
54074
26853
96155
66549
68768
2400
43692
24961
82857
61316
44716
56544
90482
39053
9440
86680
42394
71516
7105
77448
93536
8689
38327
19801
34523
29307
25737
37846
54194
67372
24084
6264
39106
73847
23643
71093
27639
27648
96715
81370
1335
78848
15967
84537
14165
54019
55509
12058
31588
78713
70846
83350
75614
75313
42246
85919
49488
75834
57535
47492
46212
48725
4984
1990
28792
76316
44700
65325
6924
35288
27814
79314
24761
26384
36745
52384
17494
71541
26987
24305
90642
46754
61075
8830
25289
47160
38791
22916
14919
87219
44185
94097
95104
23317
49570
48640
35948
48721
39465
22243
29049
51538
43283
2348
15642
45182
94605
6532
70686
77815
66986
24987
78832
2343
71504
6753
12527
41746
39635
49153
49951
15896
56558
57797
51059
5469
54588
80547
43675
16161
24234
83002
58419
72148
51214
25343
91170
11571
41805
20793
64865
78785
55987
4472
8578
8252
28149
18113
71194
73119
18453
20840
39389
27936
4492
69187
35224
9378
92481
70503
27334
71491
99999
3109
1511
22653
38158
13804
1446
330
87
48781
68412
66654
44748
47494
79922
32956
50364
30724
11655
24615
86
43854
24431
78921
54081
74263
8550
28126
56803
47826
1514
57463
25986
23609
31979
43629
70783
48180
32698
73069
90465
1357
8310
11380
12221
63719
39996
45259
36876
62914
58373
46612
74695
10548
18395
14830
69956
24360
65639
37677
32627
41424
92009
73842
18183
67281
40742
944
22535
73188
35510
91603
88008
49069
76493
77190
48453
43314
67499
33926
76823
72212
12503
79281
36926
61578
47435
97913
82571
91097
53593
25890
91956
47863
32789
9546
72883
59830
11092
21012
25300
72123
78039
56336
1628
49590
61193
64071
62504
37513
82164
52307
85783
89041
39494
346
50069
72711
16267
57570
80491
6316
15864
46514
14131
24435
87972
99768
15212
76074
18783
51052
46060
66178
24242
69637
78863
165
3291
