4193
8832
1903
6097
7038
4996
6371
8200
4403
3755
811
4709
613
669
3773
7551
8664
5240
8279
2813
3223
9023
1247
6087
8467
6871
2854
6369
370
5080
8958
4431
5145
7713
3239
6758
3003
7723
9525
4125
9110
2591
8948
4670
1713
5187
1026
4930
732
9286
2539
8724
8843
5758
3164
2980
1030
9853
2222
1673
7924
2149
6628
3865
2838
5806
6114
9524
2361
537
8197
7266
5608
9374
1944
1457
7773
7738
6616
2231
9517
5586
8489
863
4900
2491
6790
4702
7037
2377
7537
378
2510
9334
2335
1382
2639
8470
7658
6244
2189
6036
9020
6561
3792
1242
3577
9868
9461
8084
4145
991
8914
9310
7442
6911
8120
6177
9388
4407
458
7065
763
6776
7221
5220
7168
5812
3770
864
8327
7835
2613
5789
3052
8114
4909
9136
7867
6248
7453
1544
9259
6221
3079
1097
1775
8737
8594
8563
6788
190
5837
1326
9659
2143
8285
5082
6213
7550
7744
9908
3012
5148
3068
2608
9686
1372
5632
391
5807
9988
4314
1891
9186
3214
6125
264
7290
4517
7293
9721
8555
2523
3616
1193
5760
7480
8202
5040
9352
6615
9325
8747
4636
2342
1060
5326
3073
7810
4629
3824
4594
7515
8886
6751
4780
6850
4322
521
8061
3357
6073
4066
5653
4179
7960
7661
4854
8765
1377
8705
4545
3201
9962
3711
262
2747
3425
6072
1036
2111
1639
7318
9352
8790
3170
5508
5058
3407
792
8188
3789
2407
188
8885
614
2672
7073
5526
9961
4690
2253
6331
3629
741
3749
3782
9696
7238
88
48
6481
5849
9041
7915
7366
6298
1712
9701
4248
4861
2706
2900
9659
6483
3298
5361
202
5181
6028
4720
6811
6908
5949
6467
604
1459
5862
2556
6587
5103
321
7800
1320
3670
5928
4399
4806
6547
3489
5924
1321
5696
985
826
8689
187
4980
2099
580
5988
2082
4154
1823
2779
1395
105
2426
4427
3512
2703
2035
7410
1508
9997
2884
1972
4678
2388
5959
4057
6289
1230
2040
2212
2493
379
6585
2523
739
1151
4975
6406
2502
8050
2583
609
6963
7330
2299
6123
9391
2933
693
2880
400
4707
2838
91
30
1919
4955
7860
3603
1026
3497
4331
4734
432
9095
4017
4512
6543
3844
7210
4888
4783
824
7400
8606
6474
5462
3489
7617
7457
9367
6253
6877
7169
8599
3977
650
7540
9998
487
4005
9478
1153
9901
3055
1026
1864
6340
3685
5298
7542
3573
9994
8216
7901
9089
490
5763
7486
9482
2186
7951
8127
9156
206
2072
7250
2380
3209
891
92
9469
3036
2411
8383
1504
335
6587
2783
4423
6598
962
1486
2494
7050
1542
2774
3298
8129
7468
5058
1137
7915
8018
3903
3478
7804
8327
1958
5531
8951
5799
4271
1326
7592
2705
8513
5767
9191
1638
6849
1075
2558
9632
3821
2728
1583
3617
2485
4571
4020
4555
9279
120
3890
154
6593
7232
6493
6344
889
6321
2768
5861
3328
8065
2807
8202
9365
5160
6667
9008
3513
4108
4345
8477
5587
7223
5742
7802
5133
2125
5781
9840
1450
5786
9416
5204
7664
2929
6264
7810
8623
3985
4772
4533
4040
6172
1438
2100
292
2312
1439
553
6533
5949
3225
6766
3386
8048
1121
3297
5357
87
6780
7631
1365
736
2461
4333
1258
8447
6536
7958
74
284
4368
7722
5902
8105
5750
5857
1726
6808
3504
362
6335
5766
6458
9395
4545
3825
4076
8982
2315
247
9274
7886
8103
8872
604
3484
7794
396
4914
351
6899
8183
6820
8866
352
6292
1899
4593
7215
4506
6385
471
4857
4082
7310
2907
4783
9660
3553
9756
156
7293
41
2860
3316
5953
4484
339
71
9991
8450
4147
6422
3040
2335
6530
2500
9622
6822
4985
7964
9335
1824
9078
2910
9897
7559
4024
8380
9578
1407
5369
1007
6563
8519
6254
7022
2657
3745
3790
1871
1421
7402
3885
3045
6278
7623
4487
5356
2439
7613
5673
9879
7605
6980
1255
27
304
2508
668
840
1451
5225
1767
446
4282
7435
4869
5899
130
5487
5893
9068
2717
1494
1753
2163
1575
9978
4313
6560
6037
3418
155
3102
4817
4127
2160
6818
2613
8493
5487
4055
4431
3649
4923
5482
312
5945
2754
4068
8049
5206
6337
3223
9119
8678
2365
6586
3540
3845
467
7610
2657
9810
2194
4060
4961
2850
2751
9823
8966
2895
1882
3979
8881
4196
7183
5032
3394
5265
7858
6392
5176
250
9401
7694
8952
6390
40
5449
8900
9896
7886
5589
1975
5682
3711
10000
2334
4744
7999
8869
3457
6646
2531
783
8809
3586
6095
2905
8890
6808
1177
4263
2413
5760
3426
6236
1985
5312
8572
5631
175
6600
2068
7398
102
2626
5191
6031
5835
609
7600
6916
1753
9243
414
1532
6796
555
5754
3272
9032
2817
8408
3894
8362
3121
2766
4108
311
5632
3509
5668
1865
4295
1661
6477
1074
6821
8581
4667
5780
149
9188
2419
3212
6254
2341
5341
1429
1186
636
8652
5659
9502
4099
7110
7379
906
2263
1670
1708
5802
6927
2175
9130
1762
3555
2040
849
3416
2692
7867
3207
4169
4048
4175
5500
9330
4973
1050
7237
6726
1937
386
5471
2674
8298
4639
132
8325
4200
496
5511
3799
4706
8756
8971
5297
462
803
3798
3416
1097
1576
1679
9273
5329
8681
1714
8716
3353
7383
7115
3912
6411
1619
7762
5878
5703
1902
6659
1174
7770
1970
983
886
6305
7423
3912
281
1012
1207
1705
3066
2531
2765
1594
5058
8759
9984
9998
8257
1926
5617
7259
7790
7708
2776
4674
1029
7315
7307
1921
279
1036
8390
8180
7870
7039
2512
8182
5256
2335
153
5252
5736
3797
8974
6991
3817
5852
2038
5665
2910
8067
4751
4602
7038
213
9538
3933
1549
4584
3036
3860
2444
5395
6577
1324
3860
2850
7095
6396
8493
5152
2229
8024
6305
5159
351
4857
2729
9628
3553
5813
8754
8108
9164
6739
1789
5379
3329
4100
7996
6065
8339
3958
3901
2541
3973
4670
7532
7587
1905
4739
7067
1363
1433
2992
8048
8247
4196
6932
8563
2821
5354
6446
5499
5858
8790
4361
3954
571
4285
2312
6206
6564
5324
291
6255
3928
7245
877
884
2781
6741
4641
8429
4131
5411
1518
2018
6457
1997
4018
4871
8595
229
2094
1497
3635
1777
6187
43
402
6738
4523
7922
8790
7247
3088
4929
2732
3393
1874
5497
9916
4393
8969
4480
475
2177
4839
8932
7848
8977
2782
1688
3753
5287
7929
1250
5788
9659
6399
6487
569
7194
8255
3931
7505
9306
2783
118
8313
3349
2232
1298
5210
7053
699
8138
6356
9347
8068
3558
549
6131
5067
7726
4455
6810
4388
5421
4720
5015
4565
7461
4192
4809
7837
9701
6176
1927
578
228
3181
8081
5033
7813
6887
5231
4104
2414
4264
5863
6688
1594
651
4766
9697
5074
4426
7605
4288
3343
9420
1642
8079
5208
652
4371
2151
3510
6123
6561
1495
7829
2456
7199
236
7934
4953
9177
8430
1986
3305
6227
5541
9059
2615
3547
6782
6396
5672
6860
2450
8030
6482
7217
7090
2856
6930
1776
4875
7086
8170
3972
9934
8101
5833
56
5551
4174
3473
2787
4086
7267
1793
7224
327
4174
2166
8033
4525
4624
1692
2493
7813
3684
3633
8465
1932
9747
1443
2007
7228
8742
6796
5026
7731
9782
2044
9353
9803
7429
5343
28
1315
981
2334
7154
1596
1749
1701
2723
8533
5161
3190
6014
8059
5709
5758
8821
3057
9253
382
9613
3215
9004
6786
3985
4711
8610
5819
7243
8807
8236
9568
3849
1384
7231
9415
7561
1244
65
8181
5590
3617
572
6291
9869
6724
3217
3426
8602
3467
9104
6552
1688
7370
8754
2380
4298
1749
3279
7352
3931
3731
535
1038
7599
263
3076
9491
7457
1503
262
3536
5130
8103
7788
3249
7299
2827
4039
3917
7668
3644
4205
708
3346
5000
9861
8925
6890
6324
3878
4264
8781
1969
7928
2802
8943
4807
2600
3576
56
6441
8220
7567
9897
637
7796
5664
4694
2981
2238
4742
593
8984
1963
5393
5707
4930
8315
7022
955
576
2846
6062
3921
509
2436
842
6277
1434
3487
2327
2000
5950
8949
3341
546
9493
7843
192
6443
6015
8111
9674
4325
9727
105
1276
6366
4746
9864
9182
7246
1864
8410
1104
342
1804
5764
1352
7645
7313
6090
3636
5085
2247
3467
5095
4375
4378
6130
6762
2289
96
706
7271
8356
3388
7004
5992
2380
8539
8146
8970
3867
5820
543
6066
6502
2136
3055
510
2153
4040
5004
2714
495
8861
8193
8639
2366
740
9007
9284
7184
2342
2831
1901
7387
9691
4497
5475
5742
7152
5327
2661
4560
1909
9401
7897
9434
2491
9156
6756
3888
3824
3143
4679
5527
2131
6822
4250
8724
6573
678
8863
3641
948
8559
7267
6495
8000
3213
7802
1358
920
5233
3386
9503
1483
6278
8289
8346
1927
7372
5564
8333
8166
8303
9649
2819
5202
4720
2076
2919
1725
5387
9517
6589
9800
3241
2436
8798
7248
390
9526
7530
4919
8986
7786
8596
8337
7048
634
725
3438
728
6722
1282
9040
2245
323
2080
4513
5800
37
4227
9706
2125
6382
723
5595
6019
360
5619
8372
200
4515
8934
6704
3138
5161
7253
1769
8117
9492
939
2329
5731
4104
256
2577
2259
2074
4320
8799
1913
4225
8774
1991
1824
6430
362
7464
4828
8903
9156
9241
6570
5293
2094
6558
309
9117
4692
2136
4866
2552
1344
7085
8626
7946
8421
5246
5239
5534
8574
578
4728
1801
9071
4829
7053
1682
1799
9085
3912
4367
7647
2094
8505
6874
3363
235
2317
1724
4729
8905
2601
5094
5885
2736
4158
9622
1002
2534
4258
1684
1135
150
121
6401
6059
8549
4214
4917
8157
3308
3833
7518
3033
3464
7912
3102
9406
4204
5815
158
9069
1219
9999
6950
6202
6727
6830
8919
4199
130
7634
9439
7280
2087
5057
6034
3652
9368
8245
7890
6742
9269
3979
2108
1128
6614
9917
5487
171
3391
426
5857
3090
946
5054
1974
228
7293
4668
3813
6605
7605
509
5741
5500
4233
6976
3478
5772
3696
9813
2040
8894
2015
7572
5904
4282
6468
5693
4545
4372
1427
9378
6170
4145
8239
3529
9996
3300
4320
5472
2744
3119
4594
8918
8141
4226
9191
5676
9190
5894
4943
5010
1707
2344
4616
9183
4213
6549
7043
7780
3636
7465
3390
2637
8507
2343
9591
9897
1293
1757
2719
5583
9390
1367
9478
6360
9889
1061
8323
7702
6695
9088
2825
7553
9843
6066
2790
4739
5904
1351
1380
7906
5300
2132
1047
2545
6988
3848
8393
794
3544
9045
8295
1141
9945
610
565
2873
7524
4506
8241
3225
497
6557
5173
3482
6223
7630
2019
4031
1939
1648
3975
7311
95
1251
605
1950
1597
6664
7993
962
1300
4321
6112
1841
2892
3169
9773
6605
961
8190
9803
5431
6472
2679
2237
8355
8162
3056
7172
5726
6393
2598
5712
9569
7937
3383
2946
4846
9829
8929
7245
1699
7943
3558
1370
7200
1282
8334
8809
7886
6075
7597
9606
2404
4771
4551
3494
6945
3726
9168
4617
4876
9982
6728
1293
5909
1937
743
6378
9505
841
9706
8575
1803
150
3144
2765
5308
7502
8785
7854
5801
9795
9295
3978
1511
5222
4024
6955
5439
7442
8446
6848
2930
6090
1598
9172
3040
4736
9684
1876
4110
2105
2271
8531
1024
4853
5990
8364
4098
561
9504
6743
7262
7688
2666
5477
6287
5225
2249
970
6135
8516
6383
9598
239
9288
9968
3985
3470
7349
3673
829
4894
8554
9911
841
6008
8709
133
3975
5094
5855
9194
8644
8580
4047
4133
1882
5821
161
6717
8535
4639
1543
1334
1464
1070
6370
2462
1480
8330
497
8772
5279
6772
4238
4206
1973
8744
55
9835
4011
9682
7450
4192
6246
9535
4482
3889
7688
6638
6285
798
4102
9561
9720
6872
6019
1114
9866
2736
5954
2696
8447
1612
672
6476
6467
5826
9187
7512
3375
9192
4862
7862
2852
4890
435
9956
1003
5125
8099
7086
6128
5786
2881
4713
559
6641
6438
7496
4078
5144
179
3413
5351
9875
1094
8191
2470
7823
1095
334
6263
8237
766
9511
288
4646
1476
8783
9612
5758
5524
4219
6399
5435
2648
3810
4100
1711
2614
1285
3600
4902
7835
9413
4082
5273
7024
1687
8537
1415
715
912
8884
1538
2174
8141
8475
1200
2699
5647
389
2662
8569
3184
8387
3004
8054
7659
3625
429
775
2504
4343
757
8445
4541
7575
9023
5571
2958
1676
4285
1030
7087
5939
9309
6624
7163
8900
596
6677
4937
81
8395
3533
9103
855
795
7428
3866
8870
773
5607
7638
7063
151
4803
2877
2660
9829
3222
7352
3761
1367
3045
1776
1126
1009
2106
8642
594
3591
3907
2378
7188
426
8401
1462
5447
2197
2087
9024
1736
5208
4872
9647
3385
6885
2906
6556
6404
4359
1085
5211
8179
8139
6339
6425
4105
1444
2931
4557
7407
4575
3995
4098
9553
2866
9341
990
4586
6225
8140
3418
4504
8036
6527
472
4328
1291
4387
6092
4948
224
2631
1
8987
6414
2129
6955
9957
9377
8106
564
7785
2986
9334
8202
4447
696
9691
9050
1874
4562
797
8218
550
5253
8341
6048
1332
2893
1446
3200
4843
1456
3944
8949
2558
2629
8818
2209
1153
8625
2194
2255
7042
7224
1289
8845
1163
6493
1462
9516
4990
1099
1173
5176
7553
6899
18
3811
9782
5574
4282
6118
6891
6486
6459
6177
1732
8639
60
4900
2010
1665
8693
3914
2140
1072
8876
2804
6096
9662
9326
3168
1098
3976
5597
8827
3212
1915
7812
2712
5032
5243
1024
7430
2480
8624
2209
8339
2465
5007
5311
5056
5659
5738
5896
9783
8959
2608
9945
8551
336
8163
7114
4566
4738
126
7417
1180
3455
5493
1652
5720
936
1
164
4388
2423
9038
1568
2753
2984
6793
2888
5971
3508
1453
5268
7814
2079
5621
4860
7822
9754
2740
6805
1444
8232
2312
1309
8923
3156
8933
4753
4839
865
2804
5486
1733
8297
2229
3498
8036
5433
1848
5526
2648
7199
3888
2308
5938
7048
3528
2686
9694
7591
3648
27
6588
4585
8668
80
3115
9345
1993
5743
8613
1241
6636
3500
7018
6279
4014
8289
7240
25
1604
8432
2749
3077
6195
9925
816
5163
5792
9861
7153
9546
9883
2045
2225
2882
4745
3977
1382
6924
7745
3276
2138
7554
2166
3373
8431
3485
1999
2806
3488
1693
4362
9845
44
9153
5705
4301
9104
745
6835
1387
6169
1362
910
8259
6905
6189
8047
2494
2621
6875
9930
3157
9570
2897
7921
9360
5118
6807
8566
8232
8104
9238
1090
4090
353
4561
2530
3264
1213
909
7453
4507
7267
8914
892
3197
4887
1957
5074
8677
4190
6977
2807
7955
9136
8981
2950
5737
1
4253
6341
312
1254
6983
3706
7136
9996
1527
665
7157
7563
7847
8738
4887
9601
801
5417
2007
8025
4917
862
5933
1609
5018
3508
9126
644
9669
1988
4232
5107
8783
6181
2099
5075
8921
5874
4654
6744
9829
1595
2206
7352
3597
8487
5298
7523
3429
729
4456
151
2486
1026
7333
758
4506
6895
1634
5493
6995
3125
3955
9383
4646
7649
9195
9313
5364
6293
2568
3260
3760
396
6387
9807
7323
122
6799
9659
8601
5455
1420
3959
2662
6298
7423
2572
2885
2909
1063
9180
9695
7969
3832
9025
6221
1993
7498
9459
2098
4492
121
3049
1591
4337
7801
7949
5088
4106
2417
477
3605
4833
3879
392
4428
9572
6528
239
2246
6427
3243
6314
4228
4316
7536
295
9352
7624
3445
7380
2028
9114
5422
8906
7536
3990
5536
4850
2129
1857
3327
4365
3801
7441
4411
527
651
5440
7557
8896
2540
9612
6367
8122
8304
1311
918
4847
5186
8094
6754
4457
9334
8711
3508
3862
6212
6826
3044
2397
7634
2165
7540
2197
7709
4426
1188
9956
3483
2240
5314
7831
7289
6770
5610
2462
6906
7118
1939
7544
6515
2578
5674
7216
6115
5038
6901
4633
9601
3322
4002
2545
2015
111
1075
410
4599
1234
4469
5675
2262
6587
8302
5174
1804
1702
245
6329
823
9086
3103
6789
6609
8847
4722
5467
1545
8837
8661
7565
6519
5565
687
1082
6689
8476
1651
2575
4576
1834
5593
5467
3909
426
3029
5099
3894
7557
3269
870
7664
6412
6384
7339
553
8752
4932
2939
3521
8135
7947
7082
4571
8356
4843
3888
6344
1664
4860
3466
1169
5450
8475
9787
5833
562
817
7518
7078
9185
3517
8886
5393
5308
665
5631
9093
6198
6597
408
2813
9030
8069
6636
4620
2809
1050
5694
3725
2114
2854
5638
6420
5790
3597
6145
1330
709
7107
281
6301
7994
281
4851
8352
6669
1663
7603
4965
7626
4516
1340
9715
8983
7051
2148
7746
2460
2595
1340
6900
9219
5524
8494
8470
2772
4508
5994
7479
6026
3265
3871
6146
9298
432
7416
5783
6239
4363
9019
1735
4990
5734
22
3196
2613
679
7963
4712
1868
9836
9540
9043
737
4185
9863
1648
6754
6811
4113
5550
160
890
8604
1546
2176
8038
4417
2856
7274
7952
8287
5142
1235
9788
2195
2549
9983
8065
5290
7924
7720
1079
9134
702
6714
7751
65
9059
5263
9664
492
3898
4789
8621
4323
996
1822
6481
393
4196
5709
3246
1784
6931
8275
1451
8194
1542
7392
9703
3156
5895
2430
5941
7856
4583
5894
1424
8489
7671
2222
9767
4716
3367
1657
1443
2596
2268
4399
3080
6585
9905
7826
2627
1680
1189
7474
5978
8575
5070
668
8019
1847
210
249
1220
3587
2818
4638
7872
2664
5904
9681
7865
2851
5189
7124
2491
1416
624
4395
6206
3455
4088
421
2468
6255
3189
2624
6847
2260
8302
959
435
8861
4986
5863
9266
8120
6742
8339
911
9828
3717
2040
7731
6828
1384
9197
7362
2396
9527
4473
4906
5692
5883
3463
8073
2725
725
5420
6006
7161
8335
3021
4924
7350
8834
5502
8851
3415
9173
5338
1685
1006
5196
2786
7672
6327
7662
7080
917
466
3855
7827
1017
9718
2979
5269
1100
2564
7948
3444
6614
3323
8341
6012
8064
7070
9327
537
8533
364
9181
3342
7352
7578
3642
3714
4513
3164
8822
3207
6591
6071
5613
3033
3789
3707
7646
164
9499
9327
1705
638
8290
8555
4220
6782
5596
7830
9957
3589
2533
46
9367
8336
2261
352
9161
6660
98
8175
6652
7792
8198
9868
2148
1406
7002
84
5261
8649
9940
8969
381
287
4850
6564
3750
5664
5482
5435
9602
7130
9096
7488
5639
6004
1637
1137
8747
7726
281
600
331
5860
4234
9924
6859
6852
8586
545
5331
67
2748
2671
5229
495
4558
7592
8236
4764
3460
138
4488
4586
1365
7928
9484
5640
7761
6815
8875
4013
6421
9966
9329
6796
4694
1412
2413
8219
2739
3558
5019
7769
9331
2159
4216
2164
2867
1551
6662
8755
1101
7581
2650
3942
750
5570
2748
6568
8652
5913
586
2844
9375
475
8805
6383
365
8808
6456
4155
4549
4379
5169
6780
2113
7529
8354
9474
7664
3655
2340
8164
6366
2251
896
3846
2796
4848
4907
7056
9247
7676
7074
3498
5995
7890
7512
1341
4645
593
9824
457
7110
7558
8834
3966
6967
7567
543
2857
7011
2558
2060
5166
6662
3418
4272
2211
5550
4181
2844
5733
5088
3638
3778
1435
8117
8914
8194
6373
7841
6441
7261
9929
1142
1950
2298
697
8145
2575
6906
4483
9395
986
7745
1875
4400
3588
8021
7317
436
2238
3126
5502
8495
1697
967
5025
4062
3079
484
3700
3980
6927
627
4731
7112
8227
8603
8015
5710
9688
629
6232
6467
8874
594
1133
5051
9451
2049
1419
5617
6694
6777
9962
7257
2682
8826
4778
2625
7131
6313
5107
116
5715
4614
1238
9850
8884
3575
4302
5469
700
8296
174
8289
8998
7738
9803
7700
5322
7886
6847
1872
5492
6556
2318
5806
9432
5048
5071
9569
1913
7800
6483
8132
4261
4957
7386
5671
749
4348
5442
1402
2384
8730
1549
1077
5114
1389
4556
8108
9096
8151
4612
956
602
6729
6800
8903
8363
4921
8376
6623
1749
7660
4859
9053
9009
9148
2533
1992
9999
389
7490
595
9318
4329
4246
7445
2588
489
170
4264
691
8513
5504
6478
4278
5346
2580
7819
3541
3912
1993
2974
6333
2101
7952
9848
1087
9649
9808
9454
9659
7028
1837
674
9203
4903
8780
9149
1534
4861
314
4444
2994
2154
3705
7263
7825
9020
184
9015
3258
2760
7270
9260
5108
6225
6206
2738
8505
9602
967
6537
9622
1475
2877
9732
687
4016
2769
2334
2449
1861
839
7765
5312
6732
2883
3228
2849
194
414
5325
9101
5061
1342
4065
4155
1929
7330
7002
853
1049
3743
6682
9153
1354
8169
8764
3688
7820
3915
5273
4344
5527
5574
7246
9317
3845
4801
3744
5025
6925
5756
9639
7522
7357
1349
2913
5578
8303
3344
3287
6496
5634
1705
7910
1900
5723
1110
6598
2214
6392
5484
8615
5384
8229
4614
5362
7493
994
419
8510
354
5154
4305
1080
3918
1723
1173
9766
9384
4535
115
409
2276
7828
6606
4940
3406
8601
6094
7326
9689
7577
4281
8129
6018
4820
5111
2099
4086
6043
3499
921
3921
3485
6174
3690
9194
856
663
1009
7874
5307
9402
4665
5701
633
3240
3809
1113
4993
6182
235
6771
3320
1128
9945
4617
9286
4563
5515
8546
4185
6705
3936
1155
457
2414
7612
8842
5662
7362
1954
2523
8698
3394
1637
9654
3797
6794
8992
6880
9416
3269
2241
1677
8511
3847
8303
5608
3899
6611
4792
1481
7405
209
8449
1594
4322
6427
2768
4510
5343
738
5829
3367
6581
1752
496
9577
4530
2702
3019
1985
6925
745
2819
3006
2313
2735
5792
107
861
9323
5795
3099
6439
2797
4156
5137
5317
7885
5042
8078
9988
8913
5272
887
7529
1152
817
3180
714
8998
8595
4640
6637
8666
1434
5058
2010
8543
6098
9056
6463
5990
9129
4156
5241
5465
2927
809
445
9145
4964
8223
5658
7887
6327
394
2210
7323
1875
2631
6615
1170
3219
9998
7757
1419
7475
5659
9337
2957
9248
8857
7728
8416
697
9406
7946
7530
4671
8019
745
4163
8888
9498
1974
3272
4937
8916
1291
9588
4459
9255
1099
9515
6305
2663
8103
7885
2683
6483
9325
1572
9349
9507
1565
2706
4751
3547
8329
5232
5709
320
1071
9913
2678
3903
2207
4519
5940
4577
5836
7910
5178
733
8343
8990
8799
1703
5131
4108
6088
5871
1632
9373
4840
5232
6418
7562
9454
9667
1771
2834
9642
1670
2364
302
7884
4955
5864
1644
4558
8487
208
2425
3264
797
1049
1565
5299
8153
9464
8462
1434
4159
4385
8716
1230
7621
6419
5068
4936
191
9722
6227
720
5187
6430
2584
430
4261
3777
4458
399
9127
7468
5492
9882
1428
6154
1080
8672
5034
910
9312
7116
1496
518
9802
6345
1266
8035
3988
3848
331
6661
9038
9709
4417
3216
6281
1790
593
5690
4299
3944
9228
7278
6225
9935
7556
3047
596
7178
9853
6996
5187
8609
8167
6607
3657
8071
1887
9220
5552
4421
4031
9564
1226
2265
7085
582
4591
2673
1457
347
8252
5544
5163
6296
7541
6370
4251
4279
2249
4083
9620
3988
7439
3402
7417
4211
7613
4601
6978
1065
1747
6023
2415
9861
191
9797
1362
6581
8313
9204
7164
8081
5888
6918
8827
1084
5698
6987
6427
8777
9604
9785
8355
416
5414
8426
770
3708
3284
7172
8933
1949
6111
7212
4735
7903
4376
2843
4620
4229
2258
1603
7408
5901
8484
5137
2023
3501
2336
3746
1035
7555
2507
6427
7098
3103
4115
9988
5854
635
7044
5319
686
4190
7023
6297
1815
9924
9369
6933
4693
8786
4163
5373
334
5078
757
9130
3347
8610
9018
4568
1761
1933
4440
5019
6418
5687
4371
6203
6725
4522
3007
4610
3840
3193
3490
4392
2004
7503
6511
962
3639
7526
6113
4974
4110
1237
5088
8671
7575
5072
4273
7649
6226
4240
2375
5057
1424
9650
5501
1924
6683
234
8506
6896
9312
9102
3446
975
9617
9526
3992
8056
3995
2017
8453
11
1001
6943
8255
5872
7541
8052
3134
8262
5680
1036
9125
6641
9275
7839
480
6177
3599
1806
2070
3055
455
951
4536
1941
5888
6654
461
8944
7543
2894
6204
3910
3942
6786
658
9184
8529
4614
9181
8064
7198
8819
8201
5097
9188
495
3604
2087
7739
8784
3903
8230
8703
3313
7410
163
2411
8277
1130
7828
6564
7133
7981
5105
5607
4975
8050
9884
5157
1627
9082
6906
8384
2243
1163
8093
4949
3776
659
9314
2081
5059
8864
9582
1700
5450
1513
8543
7095
1987
6369
748
7601
7832
7406
717
9984
5420
5764
1074
755
6162
9633
7135
4560
4825
7472
5259
9922
784
1586
8984
5140
207
1941
6527
3939
2966
3376
5576
2603
5532
2822
6453
7718
6479
7029
2734
6446
4323
5441
9172
9258
8392
7298
404
8470
2162
6850
307
4562
5089
5644
1120
6290
3329
6236
3484
9892
1956
7411
3400
7306
1287
6999
9773
3260
7732
4738
6696
6324
5265
4262
7908
9587
6995
255
6977
2473
7644
4125
5649
6419
6757
9081
4574
3588
9383
3439
5118
9647
5655
9193
8357
8727
3208
1386
7483
1113
6695
2680
2874
1981
6794
6670
4819
2532
7051
2931
7536
3242
663
6592
9518
2653
872
5296
9457
4093
8029
6807
4084
7046
3589
1262
4045
9488
6303
3048
6676
2460
8689
8673
9954
8379
2513
8606
238
141
446
3046
7489
8960
7332
3861
5584
5039
8563
7507
2075
6691
4960
6645
1271
313
3227
1405
6882
5759
8591
4731
5631
9049
1533
126
1217
7156
3669
4232
8796
7603
8770
1154
3773
9021
3691
213
5076
7483
531
3915
2354
7415
5748
8281
8547
5196
4131
3452
4155
8204
5564
8464
7183
1945
315
451
3220
3198
4239
5164
3410
7629
8718
2683
4166
6221
1425
9455
1402
6027
3070
5375
3778
7269
2172
2547
4001
594
4604
565
4580
5428
7153
1669
4589
2792
4668
7983
6980
3707
8517
2194
1778
7344
9990
2479
9088
1461
6076
2270
7263
1357
6596
5554
5816
2550
1064
8756
9691
6701
843
1031
1360
9926
7187
5755
9901
7574
8548
7392
1653
9780
1206
9527
5377
7666
5692
1840
5911
941
7754
6073
4277
3819
6675
3605
8859
7670
5644
183
1885
5631
8589
6550
7740
6529
5361
7230
4833
2876
2507
3603
719
475
2
1501
952
5192
5237
8066
5768
5860
4352
7363
5097
926
7539
9328
1644
478
9357
2041
3805
4561
7276
3028
5062
3350
1694
1299
4131
4639
8470
8208
659
9387
684
1822
4514
6585
9743
6494
2851
4609
7256
6580
8029
7364
8122
838
1192
82
2212
1960
874
1362
6683
3868
3326
5235
3494
7972
1442
9424
7009
8386
2141
3718
4700
5291
7833
5457
9936
5041
6229
7472
9561
5451
4153
7508
578
4730
5239
7173
9620
2966
8456
2731
6083
5762
4241
9706
4822
662
7682
8170
7117
8316
3699
5852
9258
2028
7430
1754
6550
1243
4145
3823
6784
6854
6939
427
1312
8747
7162
6844
3731
8959
2105
4833
5893
6979
6788
5412
8451
7294
1906
2455
8488
3095
7917
7425
9911
4207
6075
3638
3226
1801
828
1822
74
7161
4370
7396
4498
6942
3420
3917
7273
2692
303
6428
1829
8157
5271
3072
334
3906
4679
3254
6288
5150
106
5897
5646
5282
6778
1879
1912
4616
5797
611
1926
1100
3558
1906
8114
7350
3477
760
9889
6251
9712
4512
1549
5597
9877
8928
6564
751
3942
2200
8434
3162
9492
3627
6471
1713
9284
6731
767
3333
5672
5015
4395
9102
7865
2171
2458
2147
2238
7613
6974
4030
2911
2449
3810
7051
9731
685
2836
904
3381
5344
5364
3474
2893
9441
3505
7199
9069
7325
4557
4384
8473
2735
9810
7161
6523
6144
1179
323
4979
5410
1018
8212
8644
603
113
12
8455
5966
6413
1362
3302
9413
2320
4011
901
2710
1562
9401
8830
3547
7558
6523
434
4050
3982
9179
6749
9018
4803
2843
4781
1099
5435
6747
4562
9479
8859
2509
2220
3254
586
6650
3991
571
4117
694
6568
9916
4246
9177
2485
426
8955
2876
5307
4010
1923
1830
8368
3243
6754
314
2458
5465
908
3830
2469
5353
1994
6395
308
5340
1638
4925
1590
5681
2419
6359
6581
3729
1530
2305
1660
5018
745
5471
6167
7134
6053
1904
932
1032
1883
3153
8994
3455
4227
2881
6067
8409
4163
3139
8166
5273
8307
6577
6465
6060
5520
2171
4949
4577
9850
3716
4691
5794
8133
2289
9720
4611
6918
6165
3336
9373
7492
4252
467
6997
9622
2022
1195
3371
4359
2117
2961
4804
3749
5333
4074
3743
611
1538
9181
4718
4691
4218
8110
4518
2436
6800
3110
3992
6400
3706
5942
7537
6858
4141
5487
324
2603
2055
8580
2642
73
1402
1640
5334
1
1861
8333
240
8564
6532
8971
4814
5675
9727
647
637
6484
3
3226
1391
3431
798
5193
7088
5263
8660
5128
7793
6300
6944
9076
1936
3945
1056
1485
1364
4942
9877
7494
7796
1201
6801
7376
3003
4149
2997
9718
8166
2515
4971
8507
6182
2204
8248
736
4393
8514
9121
5352
4215
300
6788
1411
8411
2916
8923
3170
6439
1759
4742
2503
3154
1071
985
4501
6469
3273
7845
422
5069
2583
3889
3250
8191
2890
1250
5040
5635
3973
4973
1951
7667
1983
3305
2429
1310
9874
8914
6317
1595
908
4571
7880
3811
3727
637
3680
5516
606
5882
7036
5146
1450
7596
4417
7403
4847
1739
5512
4315
4077
8972
7970
4823
360
7807
9836
5089
7810
1806
7552
6311
4577
3831
5079
6778
2500
6630
154
142
3198
5742
7006
2419
1996
7627
939
6151
2332
3244
9122
1270
2369
4844
3644
8771
2415
1679
7443
5054
6463
8526
1065
1949
3648
9452
8362
9844
5775
8084
2257
9107
5174
4806
7443
8015
3110
750
5526
3816
2720
8242
9518
7179
2020
7450
8826
9339
1938
9359
2912
5499
1475
5946
1662
7708
7164
9423
3168
5329
6766
3772
5098
